x>0 	 Erf(x) 	 erf(x/sqrt2) 		 math.py 	 sci.py 	 m.py-sci.py-
-4.00  3.167124183e-050 -0.99993665751633 	 -2.2e-16 	 -2.2e-16 	 0.0e+00
-3.98  3.445763411e-050 -0.99993108473177 	 -2.2e-16 	 -2.2e-16 	 0.0e+00
-3.96  3.747488169e-050 -0.99992505023662 	 -3.3e-16 	 -3.3e-16 	 0.0e+00
-3.94  4.074080456e-050 -0.99991851839088 	 -3.3e-16 	 -3.3e-16 	 0.0e+00
-3.92  4.427448431e-050 -0.99991145103138 	 -3.3e-16 	 -3.3e-16 	 0.0e+00
-3.90  4.809634402e-050 -0.99990380731197 	 -2.2e-16 	 -2.2e-16 	 0.0e+00
-3.88  5.22282324e-0500 -0.99989554353520 	 -4.4e-16 	 -4.4e-16 	 0.0e+00
-3.86  5.669351253e-050 -0.99988661297493 	 -2.2e-16 	 -2.2e-16 	 0.0e+00
-3.84  6.151715518e-050 -0.99987696568963 	 -3.3e-16 	 -3.3e-16 	 0.0e+00
-3.82  6.672583703e-050 -0.99986654832594 	 -3.3e-16 	 -3.3e-16 	 0.0e+00
-3.80  7.234804392e-050 -0.99985530391215 	 -3.3e-16 	 -3.3e-16 	 0.0e+00
-3.78  7.841417938e-050 -0.99984317164123 	 -2.2e-16 	 -2.2e-16 	 0.0e+00
-3.76  8.49566785e-0500 -0.99983008664300 	 -1.1e-16 	 -1.1e-16 	 0.0e+00
-3.74  9.201012747e-050 -0.99981597974505 	 -3.3e-16 	 -3.3e-16 	 0.0e+00
-3.72  9.961138898e-050 -0.99980077722205 	 -3.3e-16 	 -3.3e-16 	 0.0e+00
-3.70  0.00010779973348 -0.99978440053305 	 -2.2e-16 	 -2.2e-16 	 0.0e+00
-3.68  0.00011661697682 -0.99976676604637 	 -3.3e-16 	 -3.3e-16 	 0.0e+00
-3.66  0.00012610762414 -0.99974778475172 	 -3.3e-16 	 -3.3e-16 	 0.0e+00
-3.64  0.00013631902045 -0.99972736195911 	 -3.3e-16 	 -3.3e-16 	 0.0e+00
-3.62  0.00014730150791 -0.99970539698419 	 -1.1e-16 	 -1.1e-16 	 0.0e+00
-3.60  0.00015910859016 -0.99968178281969 	 -2.2e-16 	 -2.2e-16 	 0.0e+00
-3.58  0.00017179710375 -0.99965640579251 	 -2.2e-16 	 -2.2e-16 	 0.0e+00
-3.56  0.00018542739693 -0.99962914520613 	 -4.4e-16 	 -4.4e-16 	 0.0e+00
-3.54  0.00020006351601 -0.99959987296799 	 -2.2e-16 	 -2.2e-16 	 0.0e+00
-3.52  0.00021577339929 -0.99956845320141 	 -1.1e-16 	 -1.1e-16 	 0.0e+00
-3.50  0.00023262907904 -0.99953474184193 	 -4.4e-16 	 -4.4e-16 	 0.0e+00
-3.48  0.00025070689128 -0.99949858621744 	 -3.3e-16 	 -3.3e-16 	 0.0e+00
-3.46  0.00027008769396 -0.99945982461207 	 -1.1e-16 	 -1.1e-16 	 0.0e+00
-3.44  0.00029085709329 -0.99941828581342 	 -3.3e-16 	 -3.3e-16 	 0.0e+00
-3.42  0.00031310567858 -0.99937378864284 	 -4.4e-16 	 -4.4e-16 	 0.0e+00
-3.40  0.00033692926568 -0.99932614146865 	 -2.2e-16 	 -2.2e-16 	 0.0e+00
-3.38  0.00036242914903 -0.99927514170193 	 -2.2e-16 	 -2.2e-16 	 0.0e+00
-3.36  0.00038971236258 -0.99922057527484 	 -2.2e-16 	 -2.2e-16 	 0.0e+00
-3.34  0.00041889194945 -0.99916221610110 	 -3.3e-16 	 -3.3e-16 	 0.0e+00
-3.32  0.00045008724059 -0.99909982551882 	 -4.4e-16 	 -4.4e-16 	 0.0e+00
-3.30  0.00048342414238 -0.99903315171523 	 -2.2e-16 	 -2.2e-16 	 0.0e+00
-3.28  0.00051903543321 -0.99896192913359 	 -2.2e-16 	 -2.2e-16 	 0.0e+00
-3.26  0.00055706106902 -0.99888587786195 	 -4.4e-16 	 -4.4e-16 	 0.0e+00
-3.24  0.00059764849793 -0.99880470300413 	 -4.4e-16 	 -4.4e-16 	 0.0e+00
-3.22  0.00064095298366 -0.99871809403268 	 -2.2e-16 	 -2.2e-16 	 0.0e+00
-3.20  0.00068713793792 -0.99862572412417 	 -2.2e-16 	 -2.2e-16 	 0.0e+00
-3.18  0.00073637526155 -0.99852724947689 	 -3.3e-16 	 -3.3e-16 	 0.0e+00
-3.16  0.00078884569438 -0.99842230861125 	 -3.3e-16 	 -3.3e-16 	 0.0e+00
-3.14  0.00084473917346 -0.99831052165308 	 -2.2e-16 	 -2.2e-16 	 0.0e+00
-3.12  0.00090425519982 -0.99819148960036 	 -3.3e-16 	 -3.3e-16 	 0.0e+00
-3.10  0.00096760321322 -0.99806479357356 	 -3.3e-16 	 -3.3e-16 	 0.0e+00
-3.08  0.00103500297480 -0.99792999405039 	 -2.2e-16 	 -2.2e-16 	 0.0e+00
-3.06  0.00110668495741 -0.99778663008518 	 -3.3e-16 	 -3.3e-16 	 0.0e+00
-3.04  0.00118289074310 -0.99763421851379 	 -2.2e-16 	 -2.2e-16 	 0.0e+00
-3.02  0.00126387342767 -0.99747225314466 	 -2.2e-16 	 -2.2e-16 	 0.0e+00
-3.00  0.00134989803163 -0.99730020393674 	 -2.2e-16 	 -2.2e-16 	 0.0e+00
-2.98  0.00144124191734 -0.99711751616532 	 -1.1e-16 	 -1.1e-16 	 0.0e+00
-2.96  0.00153819521174 -0.99692360957652 	 -2.2e-16 	 -2.2e-16 	 0.0e+00
-2.94  0.00164106123416 -0.99671787753169 	 -3.3e-16 	 -3.3e-16 	 0.0e+00
-2.92  0.00175015692868 -0.99649968614265 	 -2.2e-16 	 -2.2e-16 	 0.0e+00
-2.90  0.00186581330038 -0.99626837339923 	 -2.2e-16 	 -2.2e-16 	 0.0e+00
-2.88  0.00198837585489 -0.99602324829021 	 -2.2e-16 	 -2.2e-16 	 0.0e+00
-2.86  0.00211820504040 -0.99576358991919 	 -2.2e-16 	 -2.2e-16 	 0.0e+00
-2.84  0.00225567669154 -0.99548864661692 	 -1.1e-16 	 -1.1e-16 	 0.0e+00
-2.82  0.00240118247419 -0.99519763505162 	 -1.1e-16 	 -1.1e-16 	 0.0e+00
-2.80  0.00255513033043 -0.99488973933914 	 -1.1e-16 	 -1.1e-16 	 0.0e+00
-2.78  0.00271794492270 -0.99456411015460 	 -4.4e-16 	 -4.4e-16 	 0.0e+00
-2.76  0.00289006807623 -0.99421986384755 	 -2.2e-16 	 -2.2e-16 	 0.0e+00
-2.74  0.00307195921865 -0.99385608156270 	 -3.3e-16 	 -3.3e-16 	 0.0e+00
-2.72  0.00326409581589 -0.99347180836822 	 -3.3e-16 	 -3.3e-16 	 0.0e+00
-2.70  0.00346697380304 -0.99306605239392 	 -3.3e-16 	 -3.3e-16 	 0.0e+00
-2.68  0.00368110800917 -0.99263778398165 	 -2.2e-16 	 -2.2e-16 	 0.0e+00
-2.66  0.00390703257485 -0.99218593485029 	 -1.1e-16 	 -2.2e-16 	 -1.1e-16
-2.64  0.00414530136104 -0.99170939727793 	 -1.1e-16 	 -1.1e-16 	 0.0e+00
-2.62  0.00439648834812 -0.99120702330376 	 -4.4e-16 	 -4.4e-16 	 0.0e+00
-2.60  0.00466118802372 -0.99067762395256 	 -2.2e-16 	 -2.2e-16 	 0.0e+00
-2.58  0.00494001575777 -0.99011996848446 	 -1.1e-16 	 -1.1e-16 	 0.0e+00
-2.56  0.00523360816356 -0.98953278367289 	 0.0e+00 	 0.0e+00 	 0.0e+00
-2.54  0.00554262344308 -0.98891475311384 	 -3.3e-16 	 -3.3e-16 	 0.0e+00
-2.52  0.00586774171533 -0.98826451656934 	 -2.2e-16 	 -2.2e-16 	 0.0e+00
-2.50  0.00620966532578 -0.98758066934845 	 -2.2e-16 	 -2.2e-16 	 0.0e+00
-2.48  0.00656911913555 -0.98686176172891 	 -3.3e-16 	 -3.3e-16 	 0.0e+00
-2.46  0.00694685078862 -0.98610629842275 	 -4.4e-16 	 -4.4e-16 	 0.0e+00
-2.44  0.00734363095535 -0.98531273808930 	 -1.1e-16 	 -1.1e-16 	 0.0e+00
-2.42  0.00776025355055 -0.98447949289889 	 0.0e+00 	 0.0e+00 	 0.0e+00
-2.40  0.00819753592460 -0.98360492815081 	 -2.2e-16 	 -2.2e-16 	 0.0e+00
-2.38  0.00865631902552 -0.98268736194897 	 -2.2e-16 	 -2.2e-16 	 0.0e+00
-2.36  0.00913746753057 -0.98172506493885 	 -2.2e-16 	 -2.2e-16 	 0.0e+00
-2.34  0.00964186994536 -0.98071626010928 	 -2.2e-16 	 -2.2e-16 	 0.0e+00
-2.32  0.01017043866872 -0.97965912266256 	 -2.2e-16 	 -2.2e-16 	 0.0e+00
-2.30  0.01072411002168 -0.97855177995665 	 -1.1e-16 	 -1.1e-16 	 0.0e+00
-2.28  0.01130384423855 -0.97739231152289 	 -2.2e-16 	 -2.2e-16 	 0.0e+00
-2.26  0.01191062541855 -0.97617874916291 	 -1.1e-16 	 0.0e+00 	 1.1e-16
-2.24  0.01254546143595 -0.97490907712811 	 -4.4e-16 	 -4.4e-16 	 0.0e+00
-2.22  0.01320938380726 -0.97358123238549 	 -3.3e-16 	 -3.3e-16 	 0.0e+00
-2.20  0.01390344751350 -0.97219310497300 	 -2.2e-16 	 -2.2e-16 	 0.0e+00
-2.18  0.01462873077599 -0.97074253844802 	 -2.2e-16 	 -2.2e-16 	 0.0e+00
-2.16  0.01538633478393 -0.96922733043215 	 -1.1e-16 	 -2.2e-16 	 -1.1e-16
-2.14  0.01617738337217 -0.96764523325567 	 -3.3e-16 	 -4.4e-16 	 -1.1e-16
-2.12  0.01700302264763 -0.96599395470473 	 0.0e+00 	 -1.1e-16 	 -1.1e-16
-2.10  0.01786442056282 -0.96427115887437 	 -1.1e-16 	 -2.2e-16 	 -1.1e-16
-2.08  0.01876276643494 -0.96247446713012 	 -1.1e-16 	 -1.1e-16 	 0.0e+00
-2.06  0.01969927040938 -0.96060145918125 	 -2.2e-16 	 -2.2e-16 	 0.0e+00
-2.04  0.02067516286607 -0.95864967426786 	 -2.2e-16 	 -2.2e-16 	 0.0e+00
-2.02  0.02169169376765 -0.95661661246471 	 -3.3e-16 	 -4.4e-16 	 -1.1e-16
-2.00  0.02275013194818 -0.95449973610364 	 -1.1e-16 	 -2.2e-16 	 -1.1e-16
-1.98  0.02385176434151 -0.95229647131698 	 -2.2e-16 	 -3.3e-16 	 -1.1e-16
-1.96  0.02499789514822 -0.95000420970356 	 0.0e+00 	 -1.1e-16 	 -1.1e-16
-1.94  0.02618984494045 -0.94762031011909 	 2.2e-16 	 1.1e-16 	 -1.1e-16
-1.92  0.02742894970384 -0.94514210059233 	 -2.2e-16 	 -3.3e-16 	 -1.1e-16
-1.90  0.02871655981600 -0.94256688036800 	 0.0e+00 	 -1.1e-16 	 -1.1e-16
-1.88  0.03005403896120 -0.93989192207760 	 -1.1e-16 	 -1.1e-16 	 0.0e+00
-1.86  0.03144276298075 -0.93711447403849 	 0.0e+00 	 -1.1e-16 	 -1.1e-16
-1.84  0.03288411865916 -0.93423176268167 	 -2.2e-16 	 -3.3e-16 	 -1.1e-16
-1.82  0.03437950244589 -0.93124099510822 	 -1.1e-16 	 -1.1e-16 	 0.0e+00
-1.80  0.03593031911293 -0.92813936177415 	 -2.2e-16 	 -3.3e-16 	 -1.1e-16
-1.78  0.03753798034852 -0.92492403930297 	 -3.3e-16 	 -1.1e-16 	 2.2e-16
-1.76  0.03920390328748 -0.92159219342503 	 -1.1e-16 	 -1.1e-16 	 0.0e+00
-1.74  0.04092950897881 -0.91814098204239 	 -1.1e-16 	 -1.1e-16 	 0.0e+00
-1.72  0.04271622079133 -0.91456755841734 	 -1.1e-16 	 -2.2e-16 	 -1.1e-16
-1.70  0.04456546275854 -0.91086907448291 	 -1.1e-16 	 -1.1e-16 	 0.0e+00
-1.68  0.04647865786372 -0.90704268427256 	 -1.1e-16 	 -2.2e-16 	 -1.1e-16
-1.66  0.04845722626672 -0.90308554746655 	 -4.4e-16 	 -3.3e-16 	 1.1e-16
-1.64  0.05050258347410 -0.89899483305179 	 -3.3e-16 	 -3.3e-16 	 0.0e+00
-1.62  0.05261613845425 -0.89476772309150 	 -3.3e-16 	 -2.2e-16 	 1.1e-16
-1.60  0.05479929169956 -0.89040141660088 	 -1.1e-16 	 -2.2e-16 	 -1.1e-16
-1.58  0.05705343323775 -0.88589313352449 	 -2.2e-16 	 -2.2e-16 	 0.0e+00
-1.56  0.05937994059479 -0.88124011881041 	 -3.3e-16 	 -3.3e-16 	 0.0e+00
-1.54  0.06178017671181 -0.87643964657638 	 -2.2e-16 	 -2.2e-16 	 0.0e+00
-1.52  0.06425548781894 -0.87148902436213 	 -2.2e-16 	 -2.2e-16 	 0.0e+00
-1.50  0.06680720126886 -0.86638559746228 	 0.0e+00 	 0.0e+00 	 0.0e+00
-1.48  0.06943662333333 -0.86112675333334 	 -1.1e-16 	 -2.2e-16 	 -1.1e-16
-1.46  0.07214503696589 -0.85570992606821 	 0.0e+00 	 0.0e+00 	 0.0e+00
-1.44  0.07493369953433 -0.85013260093135 	 0.0e+00 	 0.0e+00 	 0.0e+00
-1.42  0.07780384052655 -0.84439231894691 	 0.0e+00 	 0.0e+00 	 0.0e+00
-1.40  0.08075665923377 -0.83848668153246 	 -2.2e-16 	 -2.2e-16 	 0.0e+00
-1.38  0.08379332241501 -0.83241335516997 	 -3.3e-16 	 -4.4e-16 	 -1.1e-16
-1.36  0.08691496194708 -0.82617007610583 	 -1.1e-16 	 -3.3e-16 	 -2.2e-16
-1.34  0.09012267246445 -0.81975465507110 	 -1.1e-16 	 -2.2e-16 	 -1.1e-16
-1.32  0.09341750899347 -0.81316498201306 	 -3.3e-16 	 -3.3e-16 	 0.0e+00
-1.30  0.09680048458561 -0.80639903082878 	 -1.1e-16 	 -2.2e-16 	 -1.1e-16
-1.28  0.10027256795444 -0.79945486409112 	 -1.1e-16 	 -1.1e-16 	 0.0e+00
-1.26  0.10383468112130 -0.79233063775740 	 -2.2e-16 	 -2.2e-16 	 0.0e+00
-1.24  0.10748769707459 -0.78502460585083 	 -2.2e-16 	 -2.2e-16 	 0.0e+00
-1.22  0.11123243744783 -0.77753512510433 	 0.0e+00 	 0.0e+00 	 0.0e+00
-1.20  0.11506967022171 -0.76986065955658 	 -2.2e-16 	 -1.1e-16 	 1.1e-16
-1.18  0.11900010745520 -0.76199978508960 	 0.0e+00 	 0.0e+00 	 0.0e+00
-1.16  0.12302440305134 -0.75395119389731 	 -1.1e-16 	 -3.3e-16 	 -2.2e-16
-1.14  0.12714315056280 -0.74571369887440 	 0.0e+00 	 -1.1e-16 	 -1.1e-16
-1.12  0.13135688104273 -0.73728623791454 	 -3.3e-16 	 -3.3e-16 	 0.0e+00
-1.10  0.13566606094638 -0.72866787810723 	 -2.2e-16 	 -2.2e-16 	 0.0e+00
-1.08  0.14007109008877 -0.71985781982246 	 -2.2e-16 	 -2.2e-16 	 0.0e+00
-1.06  0.14457229966391 -0.71085540067218 	 0.0e+00 	 0.0e+00 	 0.0e+00
-1.04  0.14916995033098 -0.70166009933804 	 -1.1e-16 	 -2.2e-16 	 -1.1e-16
-1.02  0.15386423037273 -0.69227153925453 	 -2.2e-16 	 -1.1e-16 	 1.1e-16
-1.00  0.15865525393146 -0.68268949213709 	 -3.3e-16 	 -2.2e-16 	 1.1e-16
-0.98  0.16354305932769 -0.67291388134462 	 0.0e+00 	 -1.1e-16 	 -1.1e-16
-0.96  0.16852760746684 -0.66294478506632 	 0.0e+00 	 -1.1e-16 	 -1.1e-16
-0.94  0.17360878033862 -0.65278243932275 	 0.0e+00 	 0.0e+00 	 0.0e+00
-0.92  0.17878637961437 -0.64242724077126 	 -2.2e-16 	 -2.2e-16 	 0.0e+00
-0.90  0.18406012534676 -0.63187974930648 	 1.1e-16 	 0.0e+00 	 -1.1e-16
-0.88  0.18942965477671 -0.62114069044658 	 0.0e+00 	 0.0e+00 	 0.0e+00
-0.86  0.19489452125181 -0.61021095749638 	 -1.1e-16 	 -2.2e-16 	 -1.1e-16
-0.84  0.20045419326045 -0.59909161347910 	 -1.1e-16 	 -1.1e-16 	 0.0e+00
-0.82  0.20610805358581 -0.58778389282837 	 0.0e+00 	 1.1e-16 	 1.1e-16
-0.80  0.21185539858340 -0.57628920283321 	 -2.2e-16 	 -2.2e-16 	 0.0e+00
-0.78  0.21769543758573 -0.56460912482853 	 0.0e+00 	 0.0e+00 	 0.0e+00
-0.76  0.22362729243760 -0.55274541512480 	 0.0e+00 	 1.1e-16 	 1.1e-16
-0.74  0.22964999716479 -0.54070000567042 	 -3.3e-16 	 -2.2e-16 	 1.1e-16
-0.72  0.23576249777925 -0.52847500444150 	 1.1e-16 	 0.0e+00 	 -1.1e-16
-0.70  0.24196365222307 -0.51607269555385 	 0.0e+00 	 0.0e+00 	 0.0e+00
-0.68  0.24825223045357 -0.50349553909286 	 -1.1e-16 	 -1.1e-16 	 0.0e+00
-0.66  0.25462691467134 -0.49074617065733 	 0.0e+00 	 -5.6e-17 	 -5.6e-17
-0.64  0.26108629969286 -0.47782740061428 	 -5.6e-17 	 -1.7e-16 	 -1.1e-16
-0.62  0.26762889346898 -0.46474221306203 	 -2.2e-16 	 -1.1e-16 	 1.1e-16
-0.60  0.27425311775007 -0.45149376449985 	 -1.1e-16 	 -5.6e-17 	 5.6e-17
-0.58  0.28095730889856 -0.43808538220287 	 1.1e-16 	 1.1e-16 	 0.0e+00
-0.56  0.28773971884903 -0.42452056230195 	 0.0e+00 	 5.6e-17 	 5.6e-17
-0.54  0.29459851621570 -0.41080296756860 	 -1.1e-16 	 -1.1e-16 	 0.0e+00
-0.52  0.30153178754697 -0.39693642490607 	 0.0e+00 	 -5.6e-17 	 -5.6e-17
-0.50  0.30853753872599 -0.38292492254803 	 -1.1e-16 	 -1.1e-16 	 0.0e+00
-0.48  0.31561369651622 -0.36877260696755 	 -5.6e-17 	 0.0e+00 	 5.6e-17
-0.46  0.32275811025035 -0.35448377949930 	 -1.1e-16 	 -1.7e-16 	 -5.6e-17
-0.44  0.32996855366059 -0.34006289267881 	 -5.6e-17 	 0.0e+00 	 5.6e-17
-0.42  0.33724272684825 -0.32551454630350 	 -5.6e-17 	 0.0e+00 	 5.6e-17
-0.40  0.34457825838968 -0.31084348322065 	 -5.6e-17 	 0.0e+00 	 5.6e-17
-0.38  0.35197270757584 -0.29605458484833 	 -5.6e-17 	 -5.6e-17 	 0.0e+00
-0.36  0.35942356678201 -0.28115286643598 	 -1.7e-16 	 -1.1e-16 	 5.6e-17
-0.34  0.36692826396397 -0.26614347207206 	 0.0e+00 	 0.0e+00 	 0.0e+00
-0.32  0.37448416527668 -0.25103166944664 	 -5.6e-17 	 -1.1e-16 	 -5.6e-17
-0.30  0.38208857781105 -0.23582284437791 	 -1.1e-16 	 -1.4e-16 	 -2.8e-17
-0.28  0.38973875244420 -0.22052249511159 	 -5.6e-17 	 -8.3e-17 	 -2.8e-17
-0.26  0.39743188679824 -0.20513622640352 	 -5.6e-17 	 -5.6e-17 	 0.0e+00
-0.24  0.40516512830220 -0.18966974339559 	 5.6e-17 	 5.6e-17 	 0.0e+00
-0.22  0.41293557735179 -0.17412884529643 	 8.3e-17 	 5.6e-17 	 -2.8e-17
-0.20  0.42074029056090 -0.15851941887821 	 8.3e-17 	 8.3e-17 	 0.0e+00
-0.18  0.42857628409910 -0.14284743180180 	 8.3e-17 	 8.3e-17 	 0.0e+00
-0.16  0.43644053710857 -0.12711892578287 	 -1.1e-16 	 -1.1e-16 	 0.0e+00
-0.14  0.44432999519409 -0.11134000961181 	 -4.2e-17 	 -5.6e-17 	 -1.4e-17
-0.12  0.45224157397942 -0.09551685204117 	 -6.9e-17 	 -1.1e-16 	 -4.2e-17
-0.10  0.46017216272297 -0.07965567455406 	 -1.4e-17 	 -1.4e-17 	 0.0e+00
-0.08  0.46811862798601 -0.06376274402797 	 -1.4e-16 	 -1.4e-16 	 0.0e+00
-0.06  0.47607781734589 -0.04784436530821 	 6.9e-18 	 1.4e-17 	 6.9e-18
-0.04  0.48404656314717 -0.03190687370566 	 -7.6e-17 	 -6.2e-17 	 1.4e-17
-0.02  0.49202168628310 -0.01595662743380 	 7.6e-17 	 7.6e-17 	 0.0e+00
 0.00  0.50000000000000  0.00000000000000 	 0.0e+00 	 0.0e+00 	 0.0e+00
 0.02  0.50797831371690  0.01595662743380 	 -7.6e-17 	 -7.6e-17 	 0.0e+00
 0.04  0.51595343685283  0.03190687370566 	 7.6e-17 	 6.2e-17 	 -1.4e-17
 0.06  0.52392218265411  0.04784436530821 	 -6.9e-18 	 -1.4e-17 	 -6.9e-18
 0.08  0.53188137201399  0.06376274402797 	 1.4e-16 	 1.4e-16 	 0.0e+00
 0.10  0.53982783727703  0.07965567455406 	 1.4e-17 	 1.4e-17 	 0.0e+00
 0.12  0.54775842602058  0.09551685204117 	 6.9e-17 	 1.1e-16 	 4.2e-17
 0.14  0.55567000480591  0.11134000961181 	 4.2e-17 	 5.6e-17 	 1.4e-17
 0.16  0.56355946289143  0.12711892578287 	 1.1e-16 	 1.1e-16 	 0.0e+00
 0.18  0.57142371590090  0.14284743180180 	 -8.3e-17 	 -8.3e-17 	 0.0e+00
 0.20  0.57925970943910  0.15851941887821 	 -8.3e-17 	 -8.3e-17 	 0.0e+00
 0.22  0.58706442264821  0.17412884529643 	 -8.3e-17 	 -5.6e-17 	 2.8e-17
 0.24  0.59483487169780  0.18966974339559 	 -5.6e-17 	 -5.6e-17 	 0.0e+00
 0.26  0.60256811320176  0.20513622640352 	 5.6e-17 	 5.6e-17 	 0.0e+00
 0.28  0.61026124755580  0.22052249511159 	 5.6e-17 	 8.3e-17 	 2.8e-17
 0.30  0.61791142218895  0.23582284437791 	 1.1e-16 	 1.4e-16 	 2.8e-17
 0.32  0.62551583472332  0.25103166944664 	 5.6e-17 	 1.1e-16 	 5.6e-17
 0.34  0.63307173603603  0.26614347207206 	 0.0e+00 	 0.0e+00 	 0.0e+00
 0.36  0.64057643321799  0.28115286643598 	 1.7e-16 	 1.1e-16 	 -5.6e-17
 0.38  0.64802729242416  0.29605458484833 	 5.6e-17 	 5.6e-17 	 0.0e+00
 0.40  0.65542174161032  0.31084348322065 	 5.6e-17 	 0.0e+00 	 -5.6e-17
 0.42  0.66275727315175  0.32551454630350 	 5.6e-17 	 0.0e+00 	 -5.6e-17
 0.44  0.67003144633941  0.34006289267881 	 5.6e-17 	 0.0e+00 	 -5.6e-17
 0.46  0.67724188974965  0.35448377949930 	 1.1e-16 	 1.7e-16 	 5.6e-17
 0.48  0.68438630348378  0.36877260696755 	 5.6e-17 	 0.0e+00 	 -5.6e-17
 0.50  0.69146246127401  0.38292492254803 	 1.1e-16 	 1.1e-16 	 0.0e+00
 0.52  0.69846821245303  0.39693642490607 	 0.0e+00 	 5.6e-17 	 5.6e-17
 0.54  0.70540148378430  0.41080296756860 	 1.1e-16 	 1.1e-16 	 0.0e+00
 0.56  0.71226028115097  0.42452056230195 	 0.0e+00 	 -5.6e-17 	 -5.6e-17
 0.58  0.71904269110144  0.43808538220287 	 -1.1e-16 	 -1.1e-16 	 0.0e+00
 0.60  0.72574688224993  0.45149376449985 	 1.1e-16 	 5.6e-17 	 -5.6e-17
 0.62  0.73237110653102  0.46474221306203 	 2.2e-16 	 1.1e-16 	 -1.1e-16
 0.64  0.73891370030714  0.47782740061428 	 5.6e-17 	 1.7e-16 	 1.1e-16
 0.66  0.74537308532866  0.49074617065733 	 0.0e+00 	 5.6e-17 	 5.6e-17
 0.68  0.75174776954643  0.50349553909286 	 1.1e-16 	 1.1e-16 	 0.0e+00
 0.70  0.75803634777693  0.51607269555385 	 0.0e+00 	 0.0e+00 	 0.0e+00
 0.72  0.76423750222075  0.52847500444150 	 -1.1e-16 	 0.0e+00 	 1.1e-16
 0.74  0.77035000283521  0.54070000567042 	 3.3e-16 	 2.2e-16 	 -1.1e-16
 0.76  0.77637270756240  0.55274541512480 	 0.0e+00 	 -1.1e-16 	 -1.1e-16
 0.78  0.78230456241427  0.56460912482853 	 0.0e+00 	 0.0e+00 	 0.0e+00
 0.80  0.78814460141660  0.57628920283321 	 2.2e-16 	 2.2e-16 	 0.0e+00
 0.82  0.79389194641419  0.58778389282837 	 0.0e+00 	 -1.1e-16 	 -1.1e-16
 0.84  0.79954580673955  0.59909161347910 	 1.1e-16 	 1.1e-16 	 0.0e+00
 0.86  0.80510547874819  0.61021095749638 	 1.1e-16 	 2.2e-16 	 1.1e-16
 0.88  0.81057034522329  0.62114069044658 	 0.0e+00 	 0.0e+00 	 0.0e+00
 0.90  0.81593987465324  0.63187974930648 	 -1.1e-16 	 0.0e+00 	 1.1e-16
 0.92  0.82121362038563  0.64242724077126 	 2.2e-16 	 2.2e-16 	 0.0e+00
 0.94  0.82639121966138  0.65278243932275 	 0.0e+00 	 0.0e+00 	 0.0e+00
 0.96  0.83147239253316  0.66294478506632 	 0.0e+00 	 1.1e-16 	 1.1e-16
 0.98  0.83645694067231  0.67291388134462 	 0.0e+00 	 1.1e-16 	 1.1e-16
 1.00  0.84134474606854  0.68268949213709 	 3.3e-16 	 2.2e-16 	 -1.1e-16
 1.02  0.84613576962727  0.69227153925453 	 2.2e-16 	 1.1e-16 	 -1.1e-16
 1.04  0.85083004966902  0.70166009933804 	 1.1e-16 	 2.2e-16 	 1.1e-16
 1.06  0.85542770033609  0.71085540067218 	 0.0e+00 	 0.0e+00 	 0.0e+00
 1.08  0.85992890991123  0.71985781982246 	 2.2e-16 	 2.2e-16 	 0.0e+00
 1.10  0.86433393905362  0.72866787810723 	 2.2e-16 	 2.2e-16 	 0.0e+00
 1.12  0.86864311895727  0.73728623791454 	 3.3e-16 	 3.3e-16 	 0.0e+00
 1.14  0.87285684943720  0.74571369887440 	 0.0e+00 	 1.1e-16 	 1.1e-16
 1.16  0.87697559694866  0.75395119389731 	 1.1e-16 	 3.3e-16 	 2.2e-16
 1.18  0.88099989254480  0.76199978508960 	 0.0e+00 	 0.0e+00 	 0.0e+00
 1.20  0.88493032977829  0.76986065955658 	 2.2e-16 	 1.1e-16 	 -1.1e-16
 1.22  0.88876756255217  0.77753512510433 	 0.0e+00 	 0.0e+00 	 0.0e+00
 1.24  0.89251230292541  0.78502460585083 	 2.2e-16 	 2.2e-16 	 0.0e+00
 1.26  0.89616531887870  0.79233063775740 	 2.2e-16 	 2.2e-16 	 0.0e+00
 1.28  0.89972743204556  0.79945486409112 	 1.1e-16 	 1.1e-16 	 0.0e+00
 1.30  0.90319951541439  0.80639903082878 	 1.1e-16 	 2.2e-16 	 1.1e-16
 1.32  0.90658249100653  0.81316498201306 	 3.3e-16 	 3.3e-16 	 0.0e+00
 1.34  0.90987732753555  0.81975465507110 	 1.1e-16 	 2.2e-16 	 1.1e-16
 1.36  0.91308503805292  0.82617007610583 	 1.1e-16 	 3.3e-16 	 2.2e-16
 1.38  0.91620667758499  0.83241335516997 	 3.3e-16 	 4.4e-16 	 1.1e-16
 1.40  0.91924334076623  0.83848668153246 	 2.2e-16 	 2.2e-16 	 0.0e+00
 1.42  0.92219615947345  0.84439231894691 	 0.0e+00 	 0.0e+00 	 0.0e+00
 1.44  0.92506630046567  0.85013260093135 	 0.0e+00 	 0.0e+00 	 0.0e+00
 1.46  0.92785496303411  0.85570992606821 	 0.0e+00 	 0.0e+00 	 0.0e+00
 1.48  0.93056337666667  0.86112675333334 	 1.1e-16 	 2.2e-16 	 1.1e-16
 1.50  0.93319279873114  0.86638559746228 	 0.0e+00 	 0.0e+00 	 0.0e+00
 1.52  0.93574451218106  0.87148902436213 	 2.2e-16 	 2.2e-16 	 0.0e+00
 1.54  0.93821982328819  0.87643964657638 	 2.2e-16 	 2.2e-16 	 0.0e+00
 1.56  0.94062005940521  0.88124011881041 	 3.3e-16 	 3.3e-16 	 0.0e+00
 1.58  0.94294656676225  0.88589313352449 	 2.2e-16 	 2.2e-16 	 0.0e+00
 1.60  0.94520070830044  0.89040141660088 	 1.1e-16 	 2.2e-16 	 1.1e-16
 1.62  0.94738386154575  0.89476772309150 	 3.3e-16 	 2.2e-16 	 -1.1e-16
 1.64  0.94949741652590  0.89899483305179 	 3.3e-16 	 3.3e-16 	 0.0e+00
 1.66  0.95154277373328  0.90308554746655 	 4.4e-16 	 3.3e-16 	 -1.1e-16
 1.68  0.95352134213628  0.90704268427256 	 1.1e-16 	 2.2e-16 	 1.1e-16
 1.70  0.95543453724146  0.91086907448291 	 1.1e-16 	 1.1e-16 	 0.0e+00
 1.72  0.95728377920867  0.91456755841734 	 1.1e-16 	 2.2e-16 	 1.1e-16
 1.74  0.95907049102119  0.91814098204239 	 1.1e-16 	 1.1e-16 	 0.0e+00
 1.76  0.96079609671252  0.92159219342503 	 1.1e-16 	 1.1e-16 	 0.0e+00
 1.78  0.96246201965148  0.92492403930297 	 3.3e-16 	 1.1e-16 	 -2.2e-16
 1.80  0.96406968088707  0.92813936177415 	 2.2e-16 	 3.3e-16 	 1.1e-16
 1.82  0.96562049755411  0.93124099510822 	 1.1e-16 	 1.1e-16 	 0.0e+00
 1.84  0.96711588134084  0.93423176268167 	 2.2e-16 	 3.3e-16 	 1.1e-16
 1.86  0.96855723701925  0.93711447403849 	 0.0e+00 	 1.1e-16 	 1.1e-16
 1.88  0.96994596103880  0.93989192207760 	 1.1e-16 	 1.1e-16 	 0.0e+00
 1.90  0.97128344018400  0.94256688036800 	 0.0e+00 	 1.1e-16 	 1.1e-16
 1.92  0.97257105029616  0.94514210059233 	 2.2e-16 	 3.3e-16 	 1.1e-16
 1.94  0.97381015505955  0.94762031011909 	 -2.2e-16 	 -1.1e-16 	 1.1e-16
 1.96  0.97500210485178  0.95000420970356 	 0.0e+00 	 1.1e-16 	 1.1e-16
 1.98  0.97614823565849  0.95229647131698 	 2.2e-16 	 3.3e-16 	 1.1e-16
 2.00  0.97724986805182  0.95449973610364 	 1.1e-16 	 2.2e-16 	 1.1e-16
 2.02  0.97830830623235  0.95661661246471 	 3.3e-16 	 4.4e-16 	 1.1e-16
 2.04  0.97932483713393  0.95864967426786 	 2.2e-16 	 2.2e-16 	 0.0e+00
 2.06  0.98030072959062  0.96060145918125 	 2.2e-16 	 2.2e-16 	 0.0e+00
 2.08  0.98123723356506  0.96247446713012 	 1.1e-16 	 1.1e-16 	 0.0e+00
 2.10  0.98213557943718  0.96427115887437 	 1.1e-16 	 2.2e-16 	 1.1e-16
 2.12  0.98299697735237  0.96599395470473 	 0.0e+00 	 1.1e-16 	 1.1e-16
 2.14  0.98382261662783  0.96764523325567 	 3.3e-16 	 4.4e-16 	 1.1e-16
 2.16  0.98461366521607  0.96922733043215 	 1.1e-16 	 2.2e-16 	 1.1e-16
 2.18  0.98537126922401  0.97074253844802 	 2.2e-16 	 2.2e-16 	 0.0e+00
 2.20  0.98609655248650  0.97219310497300 	 2.2e-16 	 2.2e-16 	 0.0e+00
 2.22  0.98679061619274  0.97358123238549 	 3.3e-16 	 3.3e-16 	 0.0e+00
 2.24  0.98745453856405  0.97490907712811 	 4.4e-16 	 4.4e-16 	 0.0e+00
 2.26  0.98808937458145  0.97617874916291 	 1.1e-16 	 0.0e+00 	 -1.1e-16
 2.28  0.98869615576145  0.97739231152289 	 2.2e-16 	 2.2e-16 	 0.0e+00
 2.30  0.98927588997832  0.97855177995665 	 1.1e-16 	 1.1e-16 	 0.0e+00
 2.32  0.98982956133128  0.97965912266256 	 2.2e-16 	 2.2e-16 	 0.0e+00
 2.34  0.99035813005464  0.98071626010928 	 2.2e-16 	 2.2e-16 	 0.0e+00
 2.36  0.99086253246943  0.98172506493885 	 2.2e-16 	 2.2e-16 	 0.0e+00
 2.38  0.99134368097448  0.98268736194897 	 2.2e-16 	 2.2e-16 	 0.0e+00
 2.40  0.99180246407540  0.98360492815081 	 2.2e-16 	 2.2e-16 	 0.0e+00
 2.42  0.99223974644945  0.98447949289889 	 0.0e+00 	 0.0e+00 	 0.0e+00
 2.44  0.99265636904465  0.98531273808930 	 1.1e-16 	 1.1e-16 	 0.0e+00
 2.46  0.99305314921138  0.98610629842275 	 4.4e-16 	 4.4e-16 	 0.0e+00
 2.48  0.99343088086445  0.98686176172891 	 3.3e-16 	 3.3e-16 	 0.0e+00
 2.50  0.99379033467422  0.98758066934845 	 2.2e-16 	 2.2e-16 	 0.0e+00
 2.52  0.99413225828467  0.98826451656934 	 2.2e-16 	 2.2e-16 	 0.0e+00
 2.54  0.99445737655692  0.98891475311384 	 3.3e-16 	 3.3e-16 	 0.0e+00
 2.56  0.99476639183644  0.98953278367289 	 0.0e+00 	 0.0e+00 	 0.0e+00
 2.58  0.99505998424223  0.99011996848446 	 1.1e-16 	 1.1e-16 	 0.0e+00
 2.60  0.99533881197628  0.99067762395256 	 2.2e-16 	 2.2e-16 	 0.0e+00
 2.62  0.99560351165188  0.99120702330376 	 4.4e-16 	 4.4e-16 	 0.0e+00
 2.64  0.99585469863896  0.99170939727793 	 1.1e-16 	 1.1e-16 	 0.0e+00
 2.66  0.99609296742515  0.99218593485029 	 1.1e-16 	 2.2e-16 	 1.1e-16
 2.68  0.99631889199083  0.99263778398165 	 2.2e-16 	 2.2e-16 	 0.0e+00
 2.70  0.99653302619696  0.99306605239392 	 3.3e-16 	 3.3e-16 	 0.0e+00
 2.72  0.99673590418411  0.99347180836822 	 3.3e-16 	 3.3e-16 	 0.0e+00
 2.74  0.99692804078135  0.99385608156270 	 3.3e-16 	 3.3e-16 	 0.0e+00
 2.76  0.99710993192377  0.99421986384755 	 2.2e-16 	 2.2e-16 	 0.0e+00
 2.78  0.99728205507730  0.99456411015460 	 4.4e-16 	 4.4e-16 	 0.0e+00
 2.80  0.99744486966957  0.99488973933914 	 1.1e-16 	 1.1e-16 	 0.0e+00
 2.82  0.99759881752581  0.99519763505162 	 1.1e-16 	 1.1e-16 	 0.0e+00
 2.84  0.99774432330846  0.99548864661692 	 1.1e-16 	 1.1e-16 	 0.0e+00
 2.86  0.99788179495960  0.99576358991919 	 2.2e-16 	 2.2e-16 	 0.0e+00
 2.88  0.99801162414511  0.99602324829021 	 2.2e-16 	 2.2e-16 	 0.0e+00
 2.90  0.99813418669962  0.99626837339923 	 2.2e-16 	 2.2e-16 	 0.0e+00
 2.92  0.99824984307132  0.99649968614265 	 2.2e-16 	 2.2e-16 	 0.0e+00
 2.94  0.99835893876584  0.99671787753169 	 3.3e-16 	 3.3e-16 	 0.0e+00
 2.96  0.99846180478826  0.99692360957652 	 2.2e-16 	 2.2e-16 	 0.0e+00
 2.98  0.99855875808266  0.99711751616532 	 1.1e-16 	 1.1e-16 	 0.0e+00
 3.00  0.99865010196837  0.99730020393674 	 2.2e-16 	 2.2e-16 	 0.0e+00
 3.02  0.99873612657233  0.99747225314466 	 2.2e-16 	 2.2e-16 	 0.0e+00
 3.04  0.99881710925690  0.99763421851379 	 2.2e-16 	 2.2e-16 	 0.0e+00
 3.06  0.99889331504259  0.99778663008518 	 3.3e-16 	 3.3e-16 	 0.0e+00
 3.08  0.99896499702520  0.99792999405039 	 2.2e-16 	 2.2e-16 	 0.0e+00
 3.10  0.99903239678678  0.99806479357356 	 3.3e-16 	 3.3e-16 	 0.0e+00
 3.12  0.99909574480018  0.99819148960036 	 3.3e-16 	 3.3e-16 	 0.0e+00
 3.14  0.99915526082654  0.99831052165308 	 2.2e-16 	 2.2e-16 	 0.0e+00
 3.16  0.99921115430562  0.99842230861125 	 3.3e-16 	 3.3e-16 	 0.0e+00
 3.18  0.99926362473845  0.99852724947689 	 3.3e-16 	 3.3e-16 	 0.0e+00
 3.20  0.99931286206208  0.99862572412417 	 2.2e-16 	 2.2e-16 	 0.0e+00
 3.22  0.99935904701634  0.99871809403268 	 2.2e-16 	 2.2e-16 	 0.0e+00
 3.24  0.99940235150207  0.99880470300413 	 4.4e-16 	 4.4e-16 	 0.0e+00
 3.26  0.99944293893098  0.99888587786195 	 4.4e-16 	 4.4e-16 	 0.0e+00
 3.28  0.99948096456679  0.99896192913359 	 2.2e-16 	 2.2e-16 	 0.0e+00
 3.30  0.99951657585762  0.99903315171523 	 2.2e-16 	 2.2e-16 	 0.0e+00
 3.32  0.99954991275941  0.99909982551882 	 4.4e-16 	 4.4e-16 	 0.0e+00
 3.34  0.99958110805055  0.99916221610110 	 3.3e-16 	 3.3e-16 	 0.0e+00
 3.36  0.99961028763742  0.99922057527484 	 2.2e-16 	 2.2e-16 	 0.0e+00
 3.38  0.99963757085097  0.99927514170193 	 2.2e-16 	 2.2e-16 	 0.0e+00
 3.40  0.99966307073432  0.99932614146865 	 2.2e-16 	 2.2e-16 	 0.0e+00
 3.42  0.99968689432142  0.99937378864284 	 4.4e-16 	 4.4e-16 	 0.0e+00
 3.44  0.99970914290671  0.99941828581342 	 3.3e-16 	 3.3e-16 	 0.0e+00
 3.46  0.99972991230604  0.99945982461207 	 1.1e-16 	 1.1e-16 	 0.0e+00
 3.48  0.99974929310872  0.99949858621744 	 3.3e-16 	 3.3e-16 	 0.0e+00
 3.50  0.99976737092096  0.99953474184193 	 4.4e-16 	 4.4e-16 	 0.0e+00
 3.52  0.99978422660071  0.99956845320141 	 1.1e-16 	 1.1e-16 	 0.0e+00
 3.54  0.99979993648399  0.99959987296799 	 2.2e-16 	 2.2e-16 	 0.0e+00
 3.56  0.99981457260307  0.99962914520613 	 4.4e-16 	 4.4e-16 	 0.0e+00
 3.58  0.99982820289625  0.99965640579251 	 2.2e-16 	 2.2e-16 	 0.0e+00
 3.60  0.99984089140984  0.99968178281969 	 2.2e-16 	 2.2e-16 	 0.0e+00
 3.62  0.99985269849209  0.99970539698419 	 1.1e-16 	 1.1e-16 	 0.0e+00
 3.64  0.99986368097955  0.99972736195911 	 3.3e-16 	 3.3e-16 	 0.0e+00
 3.66  0.99987389237586  0.99974778475172 	 3.3e-16 	 3.3e-16 	 0.0e+00
 3.68  0.99988338302318  0.99976676604637 	 3.3e-16 	 3.3e-16 	 0.0e+00
 3.70  0.99989220026652  0.99978440053305 	 2.2e-16 	 2.2e-16 	 0.0e+00
 3.72  0.99990038861102  0.99980077722205 	 3.3e-16 	 3.3e-16 	 0.0e+00
 3.74  0.99990798987253  0.99981597974505 	 3.3e-16 	 3.3e-16 	 0.0e+00
 3.76  0.99991504332150  0.99983008664300 	 1.1e-16 	 1.1e-16 	 0.0e+00
 3.78  0.99992158582062  0.99984317164123 	 2.2e-16 	 2.2e-16 	 0.0e+00
 3.80  0.99992765195608  0.99985530391215 	 3.3e-16 	 3.3e-16 	 0.0e+00
 3.82  0.99993327416297  0.99986654832594 	 3.3e-16 	 3.3e-16 	 0.0e+00
 3.84  0.99993848284482  0.99987696568963 	 3.3e-16 	 3.3e-16 	 0.0e+00
 3.86  0.99994330648747  0.99988661297493 	 2.2e-16 	 2.2e-16 	 0.0e+00
 3.88  0.99994777176760  0.99989554353520 	 4.4e-16 	 4.4e-16 	 0.0e+00
 3.90  0.99995190365598  0.99990380731197 	 2.2e-16 	 2.2e-16 	 0.0e+00
 3.92  0.99995572551569  0.99991145103138 	 3.3e-16 	 3.3e-16 	 0.0e+00
 3.94  0.99995925919544  0.99991851839088 	 3.3e-16 	 3.3e-16 	 0.0e+00
 3.96  0.99996252511831  0.99992505023662 	 3.3e-16 	 3.3e-16 	 0.0e+00
 3.98  0.99996554236589  0.99993108473177 	 2.2e-16 	 2.2e-16 	 0.0e+00
