0.0	0.00000000	0.000000000000000000	0.000000000000000000	0.000000000000000000
0.1	0.01745329	0.099833416646828155	0.099833416646828141	0.000000000000000014
0.2	0.03490659	0.198669330795061216	0.198669330795061216	0.000000000000000000
0.3	0.05235988	0.295520206661339546	0.295520206661339602	0.000000000000000056
0.4	0.06981317	0.389418342308650522	0.389418342308650578	0.000000000000000056
0.5	0.08726646	0.479425538604203005	0.479425538604202950	0.000000000000000056
0.6	0.10471976	0.564642473395035371	0.564642473395035371	0.000000000000000000
0.7	0.12217305	0.644217687237691017	0.644217687237691128	0.000000000000000111
0.8	0.13962634	0.717356090899522791	0.717356090899522902	0.000000000000000111
0.9	0.15707963	0.783326909627483414	0.783326909627483525	0.000000000000000111
1.0	0.17453293	0.841470984807896505	0.841470984807896616	0.000000000000000111
1.1	0.19198622	0.891207360061435416	0.891207360061435416	0.000000000000000000
1.2	0.20943951	0.932039085967226288	0.932039085967226399	0.000000000000000111
1.3	0.22689280	0.963558185417192958	0.963558185417192958	0.000000000000000000
1.4	0.24434610	0.985449729988460144	0.985449729988460144	0.000000000000000000
1.5	0.26179939	0.997494986604054446	0.997494986604054446	0.000000000000000000
1.6	0.27925268	0.999573603041505110	0.999573603041505221	0.000000000000000111
1.7	0.29670597	0.991664810452468570	0.991664810452468681	0.000000000000000111
1.8	0.31415927	0.973847630878195147	0.973847630878195147	0.000000000000000000
1.9	0.33161256	0.946300087687414471	0.946300087687414471	0.000000000000000000
2.0	0.34906585	0.909297426825681709	0.909297426825681709	0.000000000000000000
2.1	0.36651914	0.863209366648873710	0.863209366648873710	0.000000000000000000
2.2	0.38397244	0.808496403819590093	0.808496403819590093	0.000000000000000000
2.3	0.40142573	0.745705212176720256	0.745705212176720256	0.000000000000000000
2.4	0.41887902	0.675463180551150955	0.675463180551150844	0.000000000000000111
2.5	0.43633231	0.598472144103956438	0.598472144103956327	0.000000000000000111
2.6	0.45378561	0.515501371821464160	0.515501371821463938	0.000000000000000222
2.7	0.47123890	0.427379880233829779	0.427379880233829501	0.000000000000000278
2.8	0.48869219	0.334988150155905107	0.334988150155904940	0.000000000000000167
2.9	0.50614548	0.239249329213982426	0.239249329213982287	0.000000000000000139
3.0	0.52359878	0.141120008059867214	0.141120008059867075	0.000000000000000139
3.1	0.54105207	0.041580662433290491	0.041580662433290366	0.000000000000000125
3.2	0.55850536	-0.058374143427580086	-0.058374143427580211	0.000000000000000125
3.3	0.57595865	-0.157745694143248211	-0.157745694143248322	0.000000000000000111
3.4	0.59341195	-0.255541102026831224	-0.255541102026831335	0.000000000000000111
3.5	0.61086524	-0.350783227689619836	-0.350783227689620003	0.000000000000000167
3.6	0.62831853	-0.442520443294852461	-0.442520443294852572	0.000000000000000111
3.7	0.64577182	-0.529836140908493403	-0.529836140908493514	0.000000000000000111
3.8	0.66322512	-0.611857890942718918	-0.611857890942719140	0.000000000000000222
3.9	0.68067841	-0.687766159183973769	-0.687766159183973991	0.000000000000000222
4.0	0.69813170	-0.756802495307928202	-0.756802495307928313	0.000000000000000111
4.1	0.71558499	-0.818277111064410256	-0.818277111064410478	0.000000000000000222
4.2	0.73303829	-0.871575772413588190	-0.871575772413588190	0.000000000000000000
4.3	0.75049158	-0.916165936749454901	-0.916165936749455012	0.000000000000000111
4.4	0.76794487	-0.951602073889516120	-0.951602073889516120	0.000000000000000000
4.5	0.78539816	-0.977530117665097009	-0.977530117665097120	0.000000000000000111
4.6	0.80285146	-0.993691003633464409	-0.993691003633464409	0.000000000000000000
4.7	0.82030475	-0.999923257564100831	-0.999923257564100942	0.000000000000000111
4.8	0.83775804	-0.996164608835840681	-0.996164608835840681	0.000000000000000000
4.9	0.85521133	-0.982452612624332478	-0.982452612624332366	0.000000000000000111
5.0	0.87266463	-0.958924274663138454	-0.958924274663138454	0.000000000000000000
5.1	0.89011792	-0.925814682327732452	-0.925814682327732341	0.000000000000000111
5.2	0.90757121	-0.883454655720153137	-0.883454655720153026	0.000000000000000111
5.3	0.92502450	-0.832267442223901255	-0.832267442223901033	0.000000000000000222
5.4	0.94247780	-0.772764487555987145	-0.772764487555987034	0.000000000000000111
5.5	0.95993109	-0.705540325570391924	-0.705540325570391702	0.000000000000000222
5.6	0.97738438	-0.631266637872321623	-0.631266637872321401	0.000000000000000222
5.7	0.99483767	-0.550685542597637578	-0.550685542597637356	0.000000000000000222
5.8	1.01229097	-0.464602179413757366	-0.464602179413757144	0.000000000000000222
5.9	1.02974426	-0.373876664830236016	-0.373876664830235794	0.000000000000000222
6.0	1.04719755	-0.279415498198925860	-0.279415498198925638	0.000000000000000222
6.1	1.06465084	-0.182162504272095876	-0.182162504272095654	0.000000000000000222
6.2	1.08210414	-0.083089402817496397	-0.083089402817496161	0.000000000000000236
6.3	1.09955743	0.016813900484349713	0.016813900484349959	0.000000000000000246
6.4	1.11701072	0.116549204850493637	0.116549204850493901	0.000000000000000264
6.5	1.13446401	0.215119988087815517	0.215119988087815794	0.000000000000000278
6.6	1.15191731	0.311541363513377856	0.311541363513378078	0.000000000000000222
6.7	1.16937060	0.404849920616598302	0.404849920616598635	0.000000000000000333
6.8	1.18682389	0.494113351138608159	0.494113351138608381	0.000000000000000222
6.9	1.20427718	0.578439764388200106	0.578439764388200439	0.000000000000000333
7.0	1.22173048	0.656986598718789061	0.656986598718789283	0.000000000000000222
7.1	1.23918377	0.728969040125875933	0.728969040125876155	0.000000000000000222
7.2	1.25663706	0.793667863849153110	0.793667863849153332	0.000000000000000222
7.3	1.27409035	0.850436620628564399	0.850436620628564621	0.000000000000000222
7.4	1.29154365	0.898708095811626917	0.898708095811627028	0.000000000000000111
7.5	1.30899694	0.937999976774738897	0.937999976774739008	0.000000000000000111
7.6	1.32645023	0.967919672031486322	0.967919672031486433	0.000000000000000111
7.7	1.34390352	0.988168233877000368	0.988168233877000479	0.000000000000000111
7.8	1.36135682	0.998543345374604985	0.998543345374604985	0.000000000000000000
7.9	1.37881011	0.998941341839772012	0.998941341839772012	0.000000000000000000
8.0	1.39626340	0.989358246623381787	0.989358246623381676	0.000000000000000111
8.1	1.41371669	0.969889810845086298	0.969889810845086298	0.000000000000000000
8.2	1.43116999	0.940730556679773122	0.940730556679773011	0.000000000000000111
8.3	1.44862328	0.902171833756293284	0.902171833756293173	0.000000000000000111
8.4	1.46607657	0.854598908088280540	0.854598908088280318	0.000000000000000222
8.5	1.48352986	0.798487112623490258	0.798487112623490147	0.000000000000000111
8.6	1.50098316	0.734397097874113336	0.734397097874113225	0.000000000000000111
8.7	1.51843645	0.662969230082183336	0.662969230082183003	0.000000000000000333
8.8	1.53588974	0.584917192891761695	0.584917192891761362	0.000000000000000333
8.9	1.55334303	0.501020856457884634	0.501020856457884300	0.000000000000000333
9.0	1.57079633	0.412118485241756594	0.412118485241756149	0.000000000000000444
9.1	1.58824962	0.319098362349352127	0.319098362349351794	0.000000000000000333
9.2	1.60570291	0.222889914100247638	0.222889914100247249	0.000000000000000389
9.3	1.62315620	0.124454423507061707	0.124454423507061332	0.000000000000000375
9.4	1.64060950	0.024775425453357765	0.024775425453357397	0.000000000000000368
9.5	1.65806279	-0.075151120461809301	-0.075151120461809676	0.000000000000000375
9.6	1.67551608	-0.174326781222979649	-0.174326781222980010	0.000000000000000361
9.7	1.69296937	-0.271760626410942452	-0.271760626410942785	0.000000000000000333
9.8	1.71042267	-0.366479129251928382	-0.366479129251928770	0.000000000000000389
9.9	1.72787596	-0.457535893775321334	-0.457535893775321612	0.000000000000000278
10.0	1.74532925	-0.544021110889369774	-0.544021110889369996	0.000000000000000222
10.1	1.76278254	-0.625070648892882108	-0.625070648892882441	0.000000000000000333
10.2	1.78023584	-0.699874687593542322	-0.699874687593542544	0.000000000000000222
10.3	1.79768913	-0.767685809763582472	-0.767685809763582694	0.000000000000000222
10.4	1.81514242	-0.827826469085653716	-0.827826469085653938	0.000000000000000222
10.5	1.83259571	-0.879695759971670044	-0.879695759971670266	0.000000000000000222
10.6	1.85004901	-0.922775421612806679	-0.922775421612806790	0.000000000000000111
10.7	1.86750230	-0.956635016270187877	-0.956635016270187988	0.000000000000000111
10.8	1.88495559	-0.980936230066491555	-0.980936230066491666	0.000000000000000111
10.9	1.90240888	-0.995436253306377417	-0.995436253306377417	0.000000000000000000
11.0	1.91986218	-0.999990206550703475	-0.999990206550703475	0.000000000000000000
11.1	1.93731547	-0.994552588203989174	-0.994552588203989174	0.000000000000000000
11.2	1.95476876	-0.979177729151317400	-0.979177729151317289	0.000000000000000111
11.3	1.97222205	-0.954019249902088973	-0.954019249902088862	0.000000000000000111
11.4	1.98967535	-0.919328525664675711	-0.919328525664675489	0.000000000000000222
11.5	2.00712864	-0.875452174688428508	-0.875452174688428286	0.000000000000000222
11.6	2.02458193	-0.822828594968708860	-0.822828594968708638	0.000000000000000222
11.7	2.04203522	-0.761983583919033314	-0.761983583919032981	0.000000000000000333
11.8	2.05948852	-0.693525084777122380	-0.693525084777121825	0.000000000000000555
11.9	2.07694181	-0.618137112237033270	-0.618137112237032937	0.000000000000000333
12.0	2.09439510	-0.536572918000434940	-0.536572918000434496	0.000000000000000444
12.1	2.11184839	-0.449647464534601471	-0.449647464534600971	0.000000000000000500
12.2	2.12930169	-0.358229282236828706	-0.358229282236828261	0.000000000000000444
12.3	2.14675498	-0.263231791365800938	-0.263231791365800494	0.000000000000000444
12.4	2.16420827	-0.165604175448309410	-0.165604175448308910	0.000000000000000500
12.5	2.18166156	-0.066321897351200684	-0.066321897351200199	0.000000000000000486
12.6	2.19911486	0.033623047221136695	0.033623047221137181	0.000000000000000486
12.7	2.21656815	0.133232041419942215	0.133232041419942687	0.000000000000000472
12.8	2.23402144	0.231509825101538946	0.231509825101539418	0.000000000000000472
12.9	2.25147473	0.327474439137693030	0.327474439137693585	0.000000000000000555
13.0	2.26892803	0.420167036826640916	0.420167036826641360	0.000000000000000444
13.1	2.28638132	0.508661464372373695	0.508661464372374028	0.000000000000000333
13.2	2.30383461	0.592073514707223025	0.592073514707223358	0.000000000000000333
13.3	2.32128790	0.669569762196602358	0.669569762196602802	0.000000000000000444
13.4	2.33874120	0.740375889952448629	0.740375889952448962	0.000000000000000333
13.5	2.35619449	0.803784426551620967	0.803784426551621300	0.000000000000000333
13.6	2.37364778	0.859161814856495787	0.859161814856496009	0.000000000000000222
13.7	2.39110107	0.905954742308461847	0.905954742308462069	0.000000000000000222
13.8	2.40855437	0.943695669444104768	0.943695669444104990	0.000000000000000222
13.9	2.42600766	0.972007501394975937	0.972007501394976048	0.000000000000000111
14.0	2.44346095	0.990607355694870351	0.990607355694870351	0.000000000000000000
14.1	2.46091424	0.999309388747917637	0.999309388747917637	0.000000000000000000
14.2	2.47836754	0.998026652716361706	0.998026652716361706	0.000000000000000000
14.3	2.49582083	0.986771964274613334	0.986771964274613222	0.000000000000000111
14.4	2.51327412	0.965657776549277425	0.965657776549277314	0.000000000000000111
14.5	2.53072741	0.934895055524682994	0.934895055524682772	0.000000000000000222
14.6	2.54818071	0.894791172140504187	0.894791172140503854	0.000000000000000333
14.7	2.56563400	0.845746831142934252	0.845746831142934030	0.000000000000000222
14.8	2.58308729	0.788252067375316279	0.788252067375315835	0.000000000000000444
14.9	2.60054058	0.722881349511976024	0.722881349511975690	0.000000000000000333
15.0	2.61799388	0.650287840157116825	0.650287840157116381	0.000000000000000444
15.1	2.63544717	0.571196869659988615	0.571196869659988060	0.000000000000000555
15.2	2.65290046	0.486398688853799666	0.486398688853799221	0.000000000000000444
15.3	2.67035375	0.396740573130612062	0.396740573130611451	0.000000000000000611
15.4	2.68780705	0.303118356745702255	0.303118356745701756	0.000000000000000500
15.5	2.70526034	0.206467481937796599	0.206467481937795988	0.000000000000000611
15.6	2.72271363	0.107753652299444058	0.107753652299443448	0.000000000000000611
15.7	2.74016692	0.007963183785937343	0.007963183785936731	0.000000000000000612
15.8	2.75762022	-0.091906850227681636	-0.091906850227682246	0.000000000000000611
15.9	2.77507351	-0.190858581374189373	-0.190858581374189956	0.000000000000000583
16.0	2.79252680	-0.287903316665065301	-0.287903316665065856	0.000000000000000555
16.1	2.80998009	-0.382071417184009110	-0.382071417184009721	0.000000000000000611
16.2	2.82743339	-0.472421986398466165	-0.472421986398466720	0.000000000000000555
16.3	2.84488668	-0.558052271286779367	-0.558052271286779811	0.000000000000000444
16.4	2.86233997	-0.638106682347947429	-0.638106682347947873	0.000000000000000444
16.5	2.87979326	-0.711785342369123053	-0.711785342369123497	0.000000000000000444
16.6	2.89724656	-0.778352078534298442	-0.778352078534298886	0.000000000000000444
16.7	2.91469985	-0.837141778019746763	-0.837141778019747207	0.000000000000000444
16.8	2.93215314	-0.887567033581504572	-0.887567033581504905	0.000000000000000333
16.9	2.94960643	-0.929124012734368399	-0.929124012734368621	0.000000000000000222
17.0	2.96705973	-0.961397491879556809	-0.961397491879557031	0.000000000000000222
17.1	2.98451302	-0.984065005081643407	-0.984065005081643518	0.000000000000000111
17.2	3.00196631	-0.996900066041596089	-0.996900066041596089	0.000000000000000000
17.3	3.01941960	-0.999774431073011116	-0.999774431073011116	0.000000000000000000
17.4	3.03687290	-0.992659380470633179	-0.992659380470633068	0.000000000000000111
17.5	3.05432619	-0.975626005468157587	-0.975626005468157365	0.000000000000000222
17.6	3.07177948	-0.948844497918123975	-0.948844497918123753	0.000000000000000222
17.7	3.08923277	-0.912582449791184525	-0.912582449791184191	0.000000000000000333
17.8	3.10668607	-0.867202179485581315	-0.867202179485581093	0.000000000000000222
17.9	3.12413936	-0.813157111661488519	-0.813157111661488186	0.000000000000000333
18.0	3.14159265	-0.750987246771676165	-0.750987246771675721	0.000000000000000444
18.1	3.15904594	-0.681313765555499939	-0.681313765555499384	0.000000000000000555
18.2	3.17649924	-0.604832822406284110	-0.604832822406283666	0.000000000000000444
18.3	3.19395253	-0.522308589626731545	-0.522308589626730879	0.000000000000000666
18.4	3.21140582	-0.434565622071896751	-0.434565622071896085	0.000000000000000666
18.5	3.22885911	-0.342480618469612530	-0.342480618469611864	0.000000000000000666
18.6	3.24631241	-0.246973661736620886	-0.246973661736620220	0.000000000000000666
18.7	3.26376570	-0.148999025814198799	-0.148999025814198077	0.000000000000000722
18.8	3.28121899	-0.049535640878367419	-0.049535640878366684	0.000000000000000736
18.9	3.29867228	0.050422687806811223	0.050422687806811965	0.000000000000000742
19.0	3.31612558	0.149877209662952343	0.149877209662953065	0.000000000000000722
19.1	3.33357887	0.247834207982959825	0.247834207982960519	0.000000000000000694
19.2	3.35103216	0.343314928819895393	0.343314928819896115	0.000000000000000722
19.3	3.36848545	0.435365360372893195	0.435365360372893972	0.000000000000000777
19.4	3.38593875	0.523065765157696427	0.523065765157697093	0.000000000000000666
19.5	3.40339204	0.605539869719601054	0.605539869719601720	0.000000000000000666
19.6	3.42084533	0.681963620068135601	0.681963620068136045	0.000000000000000444
19.7	3.43829862	0.751573415352148277	0.751573415352148833	0.000000000000000555
19.8	3.45575192	0.813673737507105366	0.813673737507105699	0.000000000000000333
19.9	3.47320521	0.867644100641667304	0.867644100641667748	0.000000000000000444
20.0	3.49065850	0.912945250727627666	0.912945250727627888	0.000000000000000222
20.1	3.50811179	0.949124553647894609	0.949124553647894831	0.000000000000000222
20.2	3.52556509	0.975820517766975537	0.975820517766975759	0.000000000000000222
20.3	3.54301838	0.992766405835907140	0.992766405835907251	0.000000000000000111
20.4	3.56047167	0.999792900142669194	0.999792900142669194	0.000000000000000000
20.5	3.57792496	0.996829794278799253	0.996829794278799142	0.000000000000000111
20.6	3.59537826	0.983906694618616129	0.983906694618616018	0.000000000000000111
20.7	3.61283155	0.961152724502116529	0.961152724502116307	0.000000000000000222
20.8	3.63028484	0.928795234077240406	0.928795234077240073	0.000000000000000333
20.9	3.64773813	0.887157528692351094	0.887157528692350650	0.000000000000000444
21.0	3.66519143	0.836655638536056068	0.836655638536055624	0.000000000000000444
21.1	3.68264472	0.777794161801092843	0.777794161801092288	0.000000000000000555
21.2	3.70009801	0.711161222905982493	0.711161222905981716	0.000000000000000777
21.3	3.71755130	0.637422596150238885	0.637422596150238219	0.000000000000000666
21.4	3.73500460	0.557315053517661418	0.557315053517660752	0.000000000000000666
21.5	3.75245789	0.471639003094196152	0.471639003094195430	0.000000000000000722
21.6	3.76991118	0.381250491654940127	0.381250491654939405	0.000000000000000722
21.7	3.78736447	0.287052651327728447	0.287052651327727615	0.000000000000000833
21.8	3.80481777	0.189986675795437737	0.189986675795436877	0.000000000000000860
21.9	3.82227106	0.091022416199847869	0.091022416199847023	0.000000000000000847
22.0	3.83972435	-0.008851309290403876	-0.008851309290404733	0.000000000000000857
22.1	3.85717764	-0.108636595424079760	-0.108636595424080606	0.000000000000000847
22.2	3.87463094	-0.207336420606758776	-0.207336420606759581	0.000000000000000805
22.3	3.89208423	-0.303964608811047032	-0.303964608811047865	0.000000000000000833
22.4	3.90953752	-0.397555683121432912	-0.397555683121433745	0.000000000000000833
22.5	3.92699081	-0.487174512460509523	-0.487174512460510356	0.000000000000000833
22.6	3.94444411	-0.571925655109563835	-0.571925655109564501	0.000000000000000666
22.7	3.96189740	-0.650962305666246910	-0.650962305666247576	0.000000000000000666
22.8	3.97935069	-0.723494756044244958	-0.723494756044245513	0.000000000000000555
22.9	3.99680398	-0.788798285975416458	-0.788798285975417124	0.000000000000000666
23.0	4.01425728	-0.846220404175170637	-0.846220404175171081	0.000000000000000444
23.1	4.03171057	-0.895187367819681779	-0.895187367819682223	0.000000000000000444
23.2	4.04916386	-0.935209915194538888	-0.935209915194539221	0.000000000000000333
23.3	4.06661715	-0.965888154236070440	-0.965888154236070662	0.000000000000000222
23.4	4.08407045	-0.986915558120648795	-0.986915558120648906	0.000000000000000111
23.5	4.10152374	-0.998082027979396269	-0.998082027979396380	0.000000000000000111
23.6	4.11897703	-0.999275992136627655	-0.999275992136627655	0.000000000000000000
23.7	4.13643032	-0.990485520897156468	-0.990485520897156357	0.000000000000000111
23.8	4.15388362	-0.971798445743863315	-0.971798445743863093	0.000000000000000222
23.9	4.17133691	-0.943401481754555515	-0.943401481754555182	0.000000000000000333
24.0	4.18879020	-0.905578362006623783	-0.905578362006623450	0.000000000000000333
24.1	4.20624349	-0.858707002609929493	-0.858707002609929049	0.000000000000000444
24.2	4.22369679	-0.803255726693954730	-0.803255726693954064	0.000000000000000666
24.3	4.24115008	-0.739778585077893402	-0.739778585077892736	0.000000000000000666
24.4	4.25860337	-0.668909820378024267	-0.668909820378023601	0.000000000000000666
24.5	4.27605666	-0.591357529865124354	-0.591357529865123688	0.000000000000000666
24.6	4.29350996	-0.507896590390622071	-0.507896590390621405	0.000000000000000666
24.7	4.31096325	-0.419360916073231338	-0.419360916073230394	0.000000000000000944
24.8	4.32841654	-0.326635126104722229	-0.326635126104721285	0.000000000000000944
24.9	4.34586983	-0.230645705927395667	-0.230645705927394723	0.000000000000000944
25.0	4.36332313	-0.132351750097773030	-0.132351750097772086	0.000000000000000944
25.1	4.38077642	-0.032735379330845318	-0.032735379330844340	0.000000000000000978
25.2	4.39822971	0.067208072525474921	0.067208072525475906	0.000000000000000985
25.3	4.41568301	0.166480003537159249	0.166480003537160193	0.000000000000000944
25.4	4.43313630	0.264088521384469421	0.264088521384470365	0.000000000000000944
25.5	4.45058959	0.359058354022168291	0.359058354022169179	0.000000000000000888
25.6	4.46804288	0.450440594275389294	0.450440594275390238	0.000000000000000944
25.7	4.48549618	0.537322181006471777	0.537322181006472555	0.000000000000000777
25.8	4.50294947	0.618835022120039269	0.618835022120040046	0.000000000000000777
25.9	4.52040276	0.694164668252241990	0.694164668252242656	0.000000000000000666
26.0	4.53785605	0.762558450479602690	0.762558450479603356	0.000000000000000666
26.1	4.55530935	0.823333000738081577	0.823333000738082132	0.000000000000000555
26.2	4.57276264	0.875881079810889362	0.875881079810889807	0.000000000000000444
26.3	4.59021593	0.919677644662019844	0.919677644662020177	0.000000000000000333
26.4	4.60766922	0.954285094492696939	0.954285094492697272	0.000000000000000333
26.5	4.62512252	0.979357643103917042	0.979357643103917264	0.000000000000000222
26.6	4.64257581	0.994644773877838118	0.994644773877838229	0.000000000000000111
26.7	4.66002910	0.999993742857020695	0.999993742857020695	0.000000000000000000
26.8	4.67748239	0.995351104911559093	0.995351104911558981	0.000000000000000111
26.9	4.69493569	0.980763247745152889	0.980763247745152666	0.000000000000000222
27.0	4.71238898	0.956375928404503028	0.956375928404502695	0.000000000000000333
27.1	4.72984227	0.922432816923085763	0.922432816923085430	0.000000000000000333
27.2	4.74729556	0.879273061650724275	0.879273061650723720	0.000000000000000555
27.3	4.76474886	0.827327900595378640	0.827327900595378085	0.000000000000000555
27.4	4.78220215	0.767116352635530130	0.767116352635529464	0.000000000000000666
27.5	4.79965544	0.699240031655097738	0.699240031655096850	0.000000000000000888
27.6	4.81710873	0.624377135416391393	0.624377135416390505	0.000000000000000888
27.7	4.83456203	0.543275669232247793	0.543275669232247016	0.000000000000000777
27.8	4.85201532	0.456745972144192824	0.456745972144191825	0.000000000000000999
27.9	4.86946861	0.365652620282621355	0.365652620282620355	0.000000000000000999
28.0	4.88692190	0.270905788307869044	0.270905788307867990	0.000000000000001055
28.1	4.90437520	0.173452155245892109	0.173452155245891027	0.000000000000001082
28.2	4.92182849	0.074265445584361309	0.074265445584360212	0.000000000000001096
28.3	4.93928178	-0.025663299860559489	-0.025663299860560589	0.000000000000001100
28.4	4.95673507	-0.125335626096429120	-0.125335626096430230	0.000000000000001110
28.5	4.97418837	-0.223755640186796417	-0.223755640186797528	0.000000000000001110
28.6	4.99164166	-0.319939961884198099	-0.319939961884199153	0.000000000000001055
28.7	5.00909495	-0.412927549240540093	-0.412927549240541147	0.000000000000001055
28.8	5.02654824	-0.501789301020574063	-0.501789301020575063	0.000000000000000999
28.9	5.04400154	-0.585637339974297566	-0.585637339974298343	0.000000000000000777
29.0	5.06145483	-0.663633884212967540	-0.663633884212968317	0.000000000000000777
29.1	5.07890812	-0.734999618048777670	-0.734999618048778558	0.000000000000000888
29.2	5.09636141	-0.799021478659613704	-0.799021478659614481	0.000000000000000777
29.3	5.11381471	-0.855059780777070233	-0.855059780777070788	0.000000000000000555
29.4	5.13126800	-0.902554608210185405	-0.902554608210185960	0.000000000000000555
29.5	5.14872129	-0.941031408342953513	-0.941031408342953957	0.000000000000000444
29.6	5.16617458	-0.970105733707185336	-0.970105733707185669	0.000000000000000333
29.7	5.18362788	-0.989487083254535160	-0.989487083254535271	0.000000000000000111
29.8	5.20108117	-0.998981804946949437	-0.998981804946949437	0.000000000000000000
29.9	5.21853446	-0.998495030663814620	-0.998495030663814620	0.000000000000000000
30.0	5.23598775	-0.988031624092861827	-0.988031624092861605	0.000000000000000222
30.1	5.25344105	-0.967696132133805231	-0.967696132133804898	0.000000000000000333
30.2	5.27089434	-0.937691740300281129	-0.937691740300280685	0.000000000000000444
30.3	5.28834763	-0.898318242557354707	-0.898318242557354152	0.000000000000000555
30.4	5.30580092	-0.849969045879328089	-0.849969045879327423	0.000000000000000666
30.5	5.32325422	-0.793127239457285138	-0.793127239457284361	0.000000000000000777
30.6	5.34070751	-0.728360767831593425	-0.728360767831592648	0.000000000000000777
30.7	5.35816080	-0.656316756177790395	-0.656316756177789506	0.000000000000000888
30.8	5.37561409	-0.577715044445731740	-0.577715044445730852	0.000000000000000888
30.9	5.39306739	-0.493340994956778300	-0.493340994956777301	0.000000000000000999
31.0	5.41052068	-0.404037645323065020	-0.404037645323063799	0.000000000000001221
31.1	5.42797397	-0.310697285094372222	-0.310697285094371112	0.000000000000001110
31.2	5.44542726	-0.214252540295887695	-0.214252540295886501	0.000000000000001193
31.3	5.46288056	-0.115667054937236932	-0.115667054937235725	0.000000000000001207
31.4	5.48033385	-0.015925862600101801	-0.015925862600100576	0.000000000000001225
31.5	5.49778714	0.083974455691746830	0.083974455691748065	0.000000000000001235
31.6	5.51524043	0.183035728980588008	0.183035728980589202	0.000000000000001193
31.7	5.53269373	0.280268169769019526	0.280268169769020692	0.000000000000001166
31.8	5.55014702	0.374700263649462018	0.374700263649463239	0.000000000000001221
31.9	5.56760031	0.465388476354955449	0.465388476354956560	0.000000000000001110
32.0	5.58505360	0.551426681241690586	0.551426681241691585	0.000000000000000999
32.1	5.60250690	0.631955213006884953	0.631955213006885841	0.000000000000000888
32.2	5.61996019	0.706169457180334414	0.706169457180335303	0.000000000000000888
32.3	5.63741348	0.773327889566220672	0.773327889566221449	0.000000000000000777
32.4	5.65486677	0.832759485307779768	0.832759485307780323	0.000000000000000555
32.5	5.67232007	0.883870423545830675	0.883870423545831230	0.000000000000000555
32.6	5.68977336	0.926150020680528541	0.926150020680528985	0.000000000000000444
32.7	5.70722665	0.959175832953080398	0.959175832953080731	0.000000000000000333
32.8	5.72467994	0.982617877364139525	0.982617877364139747	0.000000000000000222
32.9	5.74213324	0.996241928754863615	0.996241928754863726	0.000000000000000111
33.0	5.75958653	0.999911860107267181	0.999911860107267181	0.000000000000000000
33.1	5.77703982	0.993591002680394908	0.993591002680394797	0.000000000000000111
33.2	5.79449311	0.977342512392258667	0.977342512392258334	0.000000000000000333
33.3	5.81194641	0.951328738786782702	0.951328738786782258	0.000000000000000444
33.4	5.82939970	0.915809602890819030	0.915809602890818586	0.000000000000000444
33.5	5.84685299	0.871140000169176365	0.871140000169175699	0.000000000000000666
33.6	5.86430628	0.817766254526441805	0.817766254526441028	0.000000000000000777
33.7	5.88175958	0.756221658786062956	0.756221658786062068	0.000000000000000888
33.8	5.89921287	0.687121146204744293	0.687121146204743294	0.000000000000000999
33.9	5.91666616	0.611155146262596038	0.611155146262595039	0.000000000000000999
34.0	5.93411945	0.529082686120023848	0.529082686120022738	0.000000000000001110
34.1	5.95157275	0.441723806669223784	0.441723806669222618	0.000000000000001166
34.2	5.96902604	0.349951368956662179	0.349951368956660847	0.000000000000001332
34.3	5.98647933	0.254682332844035075	0.254682332844033799	0.000000000000001277
34.4	6.00393262	0.156868595048409998	0.156868595048408666	0.000000000000001332
34.5	6.02138592	0.057487478104924564	0.057487478104923224	0.000000000000001339
34.6	6.03883921	-0.042468034716951521	-0.042468034716952867	0.000000000000001346
34.7	6.05629250	-0.141999220974001694	-0.141999220974003026	0.000000000000001332
34.8	6.07374579	-0.240111597953774486	-0.240111597953775791	0.000000000000001305
34.9	6.09119909	-0.335824859217141891	-0.335824859217143223	0.000000000000001332
35.0	6.10865238	-0.428182669496151025	-0.428182669496152246	0.000000000000001221
35.1	6.12610567	-0.516262220079926948	-0.516262220079928169	0.000000000000001221
35.2	6.14355896	-0.599183449214265251	-0.599183449214266250	0.000000000000000999
35.3	6.16101226	-0.676117835387764265	-0.676117835387765265	0.000000000000000999
35.4	6.17846555	-0.746296675644916307	-0.746296675644917196	0.000000000000000888
35.5	6.19591884	-0.809018766211906493	-0.809018766211907270	0.000000000000000777
35.6	6.21337213	-0.863657408692956041	-0.863657408692956596	0.000000000000000555
35.7	6.23082543	-0.909666671833528229	-0.909666671833528784	0.000000000000000555
35.8	6.24827872	-0.946586846284960481	-0.946586846284960926	0.000000000000000444
35.9	6.26573201	-0.974049037868326417	-0.974049037868326750	0.000000000000000333
36.0	6.28318530	-0.991778853443115782	-0.991778853443115893	0.000000000000000111
36.1	6.30063860	-0.999599142552802911	-0.999599142552803022	0.000000000000000111
36.2	6.31809189	-0.997431767453647922	-0.997431767453647811	0.000000000000000111
36.3	6.33554518	-0.985298383841203829	-0.985298383841203496	0.000000000000000333
36.4	6.35299847	-0.963320224473760867	-0.963320224473760423	0.000000000000000444
36.5	6.37045177	-0.931716887854705522	-0.931716887854705078	0.000000000000000444
36.6	6.38790506	-0.890804144076861371	-0.890804144076860704	0.000000000000000666
36.7	6.40535835	-0.840990779752101569	-0.840990779752100792	0.000000000000000777
36.8	6.42281164	-0.782774513550654416	-0.782774513550653528	0.000000000000000888
36.9	6.44026494	-0.716737023160657460	-0.716737023160656683	0.000000000000000777
37.0	6.45771823	-0.643538133356999498	-0.643538133356998387	0.000000000000001110
37.1	6.47517152	-0.563909223250262492	-0.563909223250261271	0.000000000000001221
37.2	6.49262481	-0.478645918588414987	-0.478645918588413655	0.000000000000001332
37.3	6.51007811	-0.388600142127343340	-0.388600142127341952	0.000000000000001388
37.4	6.52753140	-0.294671601500257618	-0.294671601500256175	0.000000000000001443
37.5	6.54498469	-0.197798799636462269	-0.197798799636460798	0.000000000000001471
37.6	6.56243798	-0.098949657550289546	-0.098949657550288089	0.000000000000001457
37.7	6.57989128	0.000888156805717592	0.000888156805719062	0.000000000000001470
37.8	6.59734457	0.100717096992500532	0.100717096992501989	0.000000000000001457
37.9	6.61479786	0.199539705238787390	0.199539705238788806	0.000000000000001416
38.0	6.63225115	0.296368578709385322	0.296368578709386710	0.000000000000001388
38.1	6.64970445	0.390236235307946155	0.390236235307947432	0.000000000000001277
38.2	6.66715774	0.480204780438258982	0.480204780438260315	0.000000000000001332
38.3	6.68461103	0.565375278137022930	0.565375278137023929	0.000000000000000999
38.4	6.70206432	0.644896732944867379	0.644896732944868378	0.000000000000000999
38.5	6.71951762	0.717974592771644105	0.717974592771645215	0.000000000000001110
38.6	6.73697091	0.783878687798292950	0.783878687798293949	0.000000000000000999
38.7	6.75442420	0.841950526092304918	0.841950526092305807	0.000000000000000888
38.8	6.77187749	0.891609873041440681	0.891609873041441348	0.000000000000000666
38.9	6.78933079	0.932360548866189021	0.932360548866189576	0.000000000000000555
39.0	6.80678408	0.963795386284087785	0.963795386284088118	0.000000000000000333
39.1	6.82423737	0.985600298790633045	0.985600298790633267	0.000000000000000222
39.2	6.84169066	0.997557418907805138	0.997557418907805249	0.000000000000000111
39.3	6.85914396	0.999547275043891958	0.999547275043891958	0.000000000000000000
39.4	6.87659725	0.991549985214141061	0.991549985214140839	0.000000000000000222
39.5	6.89405054	0.973645455694978068	0.973645455694977735	0.000000000000000333
39.6	6.91150383	0.946012582626908127	0.946012582626907683	0.000000000000000444
39.7	6.92895713	0.908927464543413777	0.908927464543413111	0.000000000000000666
39.8	6.94641042	0.862760643685678841	0.862760643685678064	0.000000000000000777
39.9	6.96386371	0.807973403666985113	0.807973403666984225	0.000000000000000888
40.0	6.98131700	0.745113160479348835	0.745113160479347725	0.000000000000001110
40.1	6.99877030	0.674807992893866837	0.674807992893865616	0.000000000000001221
40.2	7.01622359	0.597760366905254803	0.597760366905253582	0.000000000000001221
40.3	7.03367688	0.514740116923838142	0.514740116923836810	0.000000000000001332
40.4	7.05113017	0.426576753844573164	0.426576753844571721	0.000000000000001443
40.5	7.06858347	0.334151176848420550	0.334151176848419107	0.000000000000001443
40.6	7.08603676	0.238386871748892060	0.238386871748890533	0.000000000000001527
40.7	7.10349005	0.140240683827071611	0.140240683827070028	0.000000000000001582
40.8	7.12094334	0.040693257349864856	0.040693257349863260	0.000000000000001596
40.9	7.13839664	-0.059260762703386330	-0.059260762703387919	0.000000000000001589
41.0	7.15584993	-0.158622668804708988	-0.158622668804710570	0.000000000000001582
41.1	7.17330322	-0.256399669633018024	-0.256399669633019633	0.000000000000001610
41.2	7.19075651	-0.351614809716816301	-0.351614809716817800	0.000000000000001499
41.3	7.20820981	-0.443316730850320806	-0.443316730850322249	0.000000000000001443
41.4	7.22566310	-0.530589177750203644	-0.530589177750204977	0.000000000000001332
41.5	7.24311639	-0.612560152975469840	-0.612560152975471173	0.000000000000001332
41.6	7.26056968	-0.688410629637670413	-0.688410629637671412	0.000000000000000999
41.7	7.27802298	-0.757382734846830719	-0.757382734846831940	0.000000000000001221
41.8	7.29547627	-0.818787322126843575	-0.818787322126844685	0.000000000000001110
41.9	7.31292956	-0.872010857139273732	-0.872010857139274509	0.000000000000000777
42.0	7.33038285	-0.916521547915633783	-0.916521547915634449	0.000000000000000666
42.1	7.34783615	-0.951874658346964608	-0.951874658346965163	0.000000000000000555
42.2	7.36528944	-0.977716951840020942	-0.977716951840021276	0.000000000000000333
42.3	7.38274273	-0.993790220740545682	-0.993790220740545904	0.000000000000000222
42.4	7.40019602	-0.999933866258803650	-0.999933866258803761	0.000000000000000111
42.5	7.41764932	-0.996086503119594013	-0.996086503119593902	0.000000000000000111
42.6	7.43510261	-0.982286572903634525	-0.982286572903634192	0.000000000000000333
42.7	7.45255590	-0.958671959951992614	-0.958671959951992170	0.000000000000000444
42.8	7.47000919	-0.925478613671330663	-0.925478613671329997	0.000000000000000666
42.9	7.48746249	-0.883038191005418804	-0.883038191005418027	0.000000000000000777
43.0	7.50491578	-0.831774742628598296	-0.831774742628597408	0.000000000000000888
43.1	7.52236907	-0.772200475971607236	-0.772200475971606237	0.000000000000000999
43.2	7.53982236	-0.704910637414248087	-0.704910637414246866	0.000000000000001221
43.3	7.55727566	-0.630577564780328004	-0.630577564780326671	0.000000000000001332
43.4	7.57472895	-0.549943969560347745	-0.549943969560346302	0.000000000000001443
43.5	7.59218224	-0.463815515983827364	-0.463815515983825921	0.000000000000001443
43.6	7.60963553	-0.373052771088622115	-0.373052771088620505	0.000000000000001610
43.7	7.62708883	-0.278562606219550257	-0.278562606219548647	0.000000000000001610
43.8	7.64454212	-0.181289135869694806	-0.181289135869693113	0.000000000000001693
43.9	7.66199541	-0.082204284400443403	-0.082204284400441696	0.000000000000001707
44.0	7.67944870	0.017701925105413577	0.017701925105415291	0.000000000000001714
44.1	7.69690200	0.117431262827095734	0.117431262827097441	0.000000000000001707
44.2	7.71435529	0.215987266188224086	0.215987266188225779	0.000000000000001693
44.3	7.73180858	0.312385196181490743	0.312385196181492464	0.000000000000001721
44.4	7.74926187	0.405661876555335865	0.405661876555337420	0.000000000000001554
44.5	7.76671517	0.494885317552628101	0.494885317552629600	0.000000000000001499
44.6	7.78416846	0.579164028044270918	0.579164028044272250	0.000000000000001332
44.7	7.80162175	0.657655923013869437	0.657655923013870658	0.000000000000001221
44.8	7.81907504	0.729576737392853447	0.729576737392854779	0.000000000000001332
44.9	7.83652834	0.794207862177818913	0.794207862177820023	0.000000000000001110
45.0	7.85398163	0.850903524534118438	0.850903524534119327	0.000000000000000888
45.1	7.87143492	0.899097240144582033	0.899097240144582810	0.000000000000000777
45.2	7.88888821	0.938307473333554354	0.938307473333555020	0.000000000000000666
45.3	7.90634151	0.968142448412189327	0.968142448412189771	0.000000000000000444
45.4	7.92379480	0.988304064171636965	0.988304064171637187	0.000000000000000222
45.5	7.94124809	0.998590872411770469	0.998590872411770469	0.000000000000000000
45.6	7.95870138	0.998900090745021063	0.998900090745021063	0.000000000000000000
45.7	7.97615468	0.989228629564017137	0.989228629564016804	0.000000000000000333
45.8	7.99360797	0.969673122911920760	0.969673122911920315	0.000000000000000444
45.9	8.01106126	0.940428962947005953	0.940428962947005398	0.000000000000000555
46.0	8.02851455	0.901788347648809219	0.901788347648808442	0.000000000000000777
46.1	8.04596785	0.854137361272500728	0.854137361272499729	0.000000000000000999
46.2	8.06342114	0.797952116722630889	0.797952116722629889	0.000000000000000999
46.3	8.08087443	0.733793998390374069	0.733793998390372959	0.000000000000001110
46.4	8.09832772	0.662304052986242842	0.662304052986241398	0.000000000000001443
46.5	8.11578102	0.584196584413285591	0.584196584413284148	0.000000000000001443
46.6	8.13323431	0.500252016678586986	0.500252016678585432	0.000000000000001554
46.7	8.15068760	0.411309096154567122	0.411309096154565401	0.000000000000001721
46.8	8.16814089	0.318256511102488204	0.318256511102486483	0.000000000000001721
46.9	8.18559419	0.222024012193082376	0.222024012193080572	0.000000000000001804
47.0	8.20304748	0.123573122745224001	0.123573122745222169	0.000000000000001832
47.1	8.22050077	0.023887531502738858	0.023887531502737022	0.000000000000001835
47.2	8.23795406	-0.076036736058353566	-0.076036736058355411	0.000000000000001846
47.3	8.25540736	-0.175201269687147138	-0.175201269687148969	0.000000000000001832
47.4	8.27286065	-0.272615250143073751	-0.272615250143075527	0.000000000000001776
47.5	8.29031394	-0.367305349134191328	-0.367305349134193049	0.000000000000001721
47.6	8.30776723	-0.458325454491765871	-0.458325454491767537	0.000000000000001665
47.7	8.32522053	-0.544766123410311054	-0.544766123410312719	0.000000000000001665
47.8	8.34267382	-0.625763669299473579	-0.625763669299475023	0.000000000000001443
47.9	8.36012711	-0.700508791454969248	-0.700508791454970692	0.000000000000001443
48.0	8.37758040	-0.768254661323666821	-0.768254661323667931	0.000000000000001110
48.1	8.39503370	-0.828324384567645455	-0.828324384567646566	0.000000000000001110
48.2	8.41248699	-0.880117764368661959	-0.880117764368662847	0.000000000000000888
48.3	8.42994028	-0.923117298396356922	-0.923117298396357588	0.000000000000000666
48.4	8.44739357	-0.956893349520487768	-0.956893349520488323	0.000000000000000555
48.5	8.46484687	-0.981108438603097044	-0.981108438603097377	0.000000000000000333
48.6	8.48230016	-0.995520616478515419	-0.995520616478515641	0.000000000000000222
48.7	8.49975345	-0.999985881429444445	-0.999985881429444445	0.000000000000000000
48.8	8.51720674	-0.994459618004515433	-0.994459618004515211	0.000000000000000222
48.9	8.53466004	-0.978997042801129758	-0.978997042801129314	0.000000000000000444
49.0	8.55211333	-0.953752652759471853	-0.953752652759471298	0.000000000000000555
49.1	8.56956662	-0.918978681480152049	-0.918978681480151272	0.000000000000000777
49.2	8.58701991	-0.875022578989446687	-0.875022578989445687	0.000000000000000999
49.3	8.60447321	-0.822323540133491293	-0.822323540133490072	0.000000000000001221
49.4	8.62192650	-0.761408116288540882	-0.761408116288539660	0.000000000000001221
49.5	8.63937979	-0.692884954233695671	-0.692884954233694228	0.000000000000001443
49.6	8.65683308	-0.617438714753461793	-0.617438714753460238	0.000000000000001554
49.7	8.67428638	-0.535823231733514871	-0.535823231733513317	0.000000000000001554
49.8	8.69173967	-0.448853980101704575	-0.448853980101702799	0.000000000000001776
49.9	8.70919296	-0.357399927872111278	-0.357399927872109502	0.000000000000001776
50.0	8.72664626	-0.262374853703928768	-0.262374853703926936	0.000000000000001832
50.1	8.74409955	-0.164728216727132198	-0.164728216727130256	0.000000000000001943
50.2	8.76155284	-0.065435669860706952	-0.065435669860704995	0.000000000000001957
50.3	8.77900613	0.034510688588802733	0.034510688588804690	0.000000000000001957
50.4	8.79645943	0.134112227645657139	0.134112227645659082	0.000000000000001943
50.5	8.81391272	0.232373761655484540	0.232373761655486427	0.000000000000001887
50.6	8.83136601	0.328313493851403404	0.328313493851405236	0.000000000000001832
50.7	8.84881930	0.420972826142771150	0.420972826142772982	0.000000000000001832
50.8	8.86627260	0.509425937110429272	0.509425937110430938	0.000000000000001665
50.9	8.88372589	0.592789032508312608	0.592789032508314162	0.000000000000001554
51.0	8.90117918	0.670229175843374714	0.670229175843376268	0.000000000000001554
51.1	8.91863247	0.740972610801719611	0.740972610801720943	0.000000000000001332
51.2	8.93608577	0.804312492365914067	0.804312492365915177	0.000000000000001110
51.3	8.95353906	0.859615949376746125	0.859615949376747124	0.000000000000000999
51.4	8.97099235	0.906330407972663732	0.906330407972664620	0.000000000000000888
51.5	8.98844564	0.943989112725119317	0.943989112725119983	0.000000000000000666
51.6	9.00589894	0.972215790304538974	0.972215790304539418	0.000000000000000444
51.7	9.02335223	0.990728409079048356	0.990728409079048578	0.000000000000000222
51.8	9.04080552	0.999341997081310329	0.999341997081310440	0.000000000000000111
51.9	9.05825881	0.997970490187281234	0.997970490187281012	0.000000000000000222
52.0	9.07571211	0.986627592040485335	0.986627592040485002	0.000000000000000333
52.1	9.09316540	0.965426637129741749	0.965426637129741194	0.000000000000000555
52.2	9.11061869	0.934579458388414719	0.934579458388414053	0.000000000000000666
52.3	9.12807198	0.894394270629769172	0.894394270629768284	0.000000000000000888
52.4	9.14552528	0.845272590966426929	0.845272590966425708	0.000000000000001221
52.5	9.16297857	0.787705226984117934	0.787705226984116602	0.000000000000001332
52.6	9.18043186	0.722267372754513026	0.722267372754511472	0.000000000000001554
52.7	9.19788515	0.649612861686195697	0.649612861686194143	0.000000000000001554
52.8	9.21533845	0.570467633637378180	0.570467633637376514	0.000000000000001665
52.9	9.23279174	0.485622481564778830	0.485622481564776998	0.000000000000001832
53.0	9.25024503	0.395925150181834162	0.395925150181832219	0.000000000000001943
53.1	9.26769832	0.302271865573726872	0.302271865573724874	0.000000000000001998
53.2	9.28515162	0.205598380402601172	0.205598380402599146	0.000000000000002026
53.3	9.30260491	0.106870624176288509	0.106870624176286427	0.000000000000002082
53.4	9.32005820	0.007075051999930937	0.007075051999928856	0.000000000000002082
53.5	9.33751149	-0.092791211757308686	-0.092791211757310754	0.000000000000002068
53.6	9.35496479	-0.191730336399365847	-0.191730336399367873	0.000000000000002026
53.7	9.37241808	-0.288753754897743409	-0.288753754897745407	0.000000000000001998
53.8	9.38987137	-0.382892041326477195	-0.382892041326479138	0.000000000000001943
53.9	9.40732466	-0.473204597045564834	-0.473204597045566666	0.000000000000001832
54.0	9.42477796	-0.558789048851616288	-0.558789048851617842	0.000000000000001554
54.1	9.44223125	-0.638790265192643814	-0.638790265192645368	0.000000000000001554
54.2	9.45968454	-0.712408900359854047	-0.712408900359855490	0.000000000000001443
54.3	9.47713783	-0.778909381285737168	-0.778909381285738500	0.000000000000001332
54.4	9.49459113	-0.837627257147027571	-0.837627257147028681	0.000000000000001110
54.5	9.51204442	-0.887975838337663359	-0.887975838337664247	0.000000000000000888
54.6	9.52949771	-0.929452058477415965	-0.929452058477416743	0.000000000000000777
54.7	9.54695100	-0.961641500884864553	-0.961641500884865108	0.000000000000000555
54.8	9.56440430	-0.984222539291887522	-0.984222539291887855	0.000000000000000333
54.9	9.58185759	-0.996969551427024037	-0.996969551427024148	0.000000000000000111
55.0	9.59931088	-0.999755173358619853	-0.999755173358619853	0.000000000000000000
55.1	9.61676417	-0.992551572073138710	-0.992551572073138377	0.000000000000000333
55.2	9.63421747	-0.975430723573430969	-0.975430723573430525	0.000000000000000444
55.3	9.65167076	-0.948563693718308176	-0.948563693718307510	0.000000000000000666
55.4	9.66912405	-0.912218928989019351	-0.912218928989018463	0.000000000000000888
55.5	9.68657734	-0.866759574260759225	-0.866759574260758225	0.000000000000000999
55.6	9.70403064	-0.812639844379107967	-0.812639844379106746	0.000000000000001221
55.7	9.72148393	-0.750400485795438610	-0.750400485795437167	0.000000000000001443
55.8	9.73893722	-0.680663373607127919	-0.680663373607126254	0.000000000000001665
55.9	9.75639051	-0.604125297987127108	-0.604125297987125331	0.000000000000001776
56.0	9.77384381	-0.521551002086911852	-0.521551002086909965	0.000000000000001887
56.1	9.79129710	-0.433765540975683983	-0.433765540975682040	0.000000000000001943
56.2	9.80875039	-0.341646037962851479	-0.341646037962849425	0.000000000000002054
56.3	9.82620368	-0.246112920671866298	-0.246112920671864160	0.000000000000002137
56.4	9.84365698	-0.148120724431636347	-0.148120724431634154	0.000000000000002193
56.5	9.86111027	-0.048648554875087263	-0.048648554875085064	0.000000000000002200
56.6	9.87856356	0.051309694960699495	0.051309694960701695	0.000000000000002200
56.7	9.89601685	0.150755275285169105	0.150755275285171297	0.000000000000002193
56.8	9.91347015	0.248694558732050930	0.248694558732053067	0.000000000000002137
56.9	9.93092344	0.344148968355580398	0.344148968355582507	0.000000000000002109
57.0	9.94837673	0.436164755247824942	0.436164755247826996	0.000000000000002054
57.1	9.96583002	0.523822528082532379	0.523822528082534378	0.000000000000001998
57.2	9.98328332	0.606246439369345635	0.606246439369347301	0.000000000000001665
57.3	10.00073661	0.682612936632404299	0.682612936632405853	0.000000000000001554
57.4	10.01818990	0.752158991074474481	0.752158991074476035	0.000000000000001554
57.5	10.03564319	0.814189721508434494	0.814189721508435826	0.000000000000001332
57.6	10.05309649	0.868085337380421485	0.868085337380422706	0.000000000000001221
57.7	10.07054978	0.913307331512164700	0.913307331512165588	0.000000000000000888
57.8	10.08800307	0.949403860686701129	0.949403860686701795	0.000000000000000666
57.9	10.10545636	0.976014260316450222	0.976014260316450666	0.000000000000000444
58.0	10.12290966	0.992872648084537124	0.992872648084537346	0.000000000000000222
58.1	10.14036295	0.999810580553025297	0.999810580553025297	0.000000000000000000
58.2	10.15781624	0.996758736194065187	0.996758736194064965	0.000000000000000222
58.3	10.17526953	0.983747608027687126	0.983747608027686682	0.000000000000000444
58.4	10.19272283	0.960907198945620489	0.960907198945619934	0.000000000000000555
58.5	10.21017612	0.928465722765378643	0.928465722765377754	0.000000000000000888
58.6	10.22762941	0.886747323993228087	0.886747323993226977	0.000000000000001110
58.7	10.24508270	0.836168839079431070	0.836168839079429960	0.000000000000001110
58.8	10.26253600	0.777235631526226434	0.777235631526225212	0.000000000000001221
58.9	10.27998929	0.710536542462749221	0.710536542462747667	0.000000000000001554
59.0	10.29744258	0.636738007139137863	0.636738007139136086	0.000000000000001776
59.1	10.31489587	0.556577396125793600	0.556577396125791490	0.000000000000002109
59.2	10.33234917	0.470855647750386686	0.470855647750384687	0.000000000000001998
59.3	10.34980246	0.380429265386848070	0.380429265386846016	0.000000000000002054
59.4	10.36725575	0.286201759556753588	0.286201759556751312	0.000000000000002276
59.5	10.38470904	0.189114620350891521	0.189114620350889245	0.000000000000002276
59.6	10.40216234	0.090137910371465457	0.090137910371463126	0.000000000000002331
59.7	10.41961563	-0.009739427812760560	-0.009739427812762887	0.000000000000002326
59.8	10.43706892	-0.109519452853701210	-0.109519452853703514	0.000000000000002304
59.9	10.45452221	-0.208205195724052661	-0.208205195724054937	0.000000000000002276
60.0	10.47197551	-0.304810621102216683	-0.304810621102218959	0.000000000000002276
60.1	10.48942880	-0.398370479511322706	-0.398370479511324871	0.000000000000002165
60.2	10.50688209	-0.487949951772924218	-0.487949951772926271	0.000000000000002054
60.3	10.52433538	-0.572653989411214037	-0.572653989411216036	0.000000000000001998
60.4	10.54178868	-0.651636257681554754	-0.651636257681556530	0.000000000000001776
60.5	10.55924197	-0.724107591867449552	-0.724107591867451106	0.000000000000001554
60.6	10.57669526	-0.789343882353551130	-0.789343882353552462	0.000000000000001332
60.7	10.59414855	-0.846693309689572682	-0.846693309689573903	0.000000000000001221
60.8	10.61160185	-0.895582857354770057	-0.895582857354771056	0.000000000000000999
60.9	10.62905514	-0.935524037149615184	-0.935524037149615961	0.000000000000000777
61.0	10.64650843	-0.966117770008392940	-0.966117770008393606	0.000000000000000666
61.1	10.66396172	-0.987058373465321992	-0.987058373465322325	0.000000000000000333
61.2	10.68141502	-0.998136615932703752	-0.998136615932703863	0.000000000000000111
61.3	10.69886831	-0.999241807273784532	-0.999241807273784421	0.000000000000000111
61.4	10.71632160	-0.990362904782012277	-0.990362904782011944	0.000000000000000333
61.5	10.73377489	-0.971588623516109195	-0.971588623516108640	0.000000000000000555
61.6	10.75122819	-0.943106549888531931	-0.943106549888531154	0.000000000000000777
61.7	10.76868148	-0.905201267364045603	-0.905201267364044604	0.000000000000000999
61.8	10.78613477	-0.858251512995817811	-0.858251512995816590	0.000000000000001221
61.9	10.80358806	-0.802726393209963973	-0.802726393209962419	0.000000000000001554
62.0	10.82104136	-0.739180696649222813	-0.739180696649221147	0.000000000000001665
62.1	10.83849465	-0.668249350908215023	-0.668249350908213247	0.000000000000001776
62.2	10.85594794	-0.590641078546798926	-0.590641078546796927	0.000000000000001998
62.3	10.87340123	-0.507131315768531987	-0.507131315768529878	0.000000000000002109
62.4	10.89085453	-0.418554464518425429	-0.418554464518423264	0.000000000000002165
62.5	10.90830782	-0.325795555414561733	-0.325795555414559401	0.000000000000002331
62.6	10.92576111	-0.229781404814688034	-0.229781404814685647	0.000000000000002387
62.7	10.94321440	-0.131471354373539823	-0.131471354373537380	0.000000000000002442
62.8	10.96066770	-0.031847685618150039	-0.031847685618147589	0.000000000000002449
62.9	10.97812099	0.068094194684498136	0.068094194684500592	0.000000000000002456
63.0	10.99557428	0.167355700302806915	0.167355700302809329	0.000000000000002415
63.1	11.01302757	0.264945043084129528	0.264945043084131915	0.000000000000002387
63.2	11.03048087	0.359887142574142727	0.359887142574145003	0.000000000000002276
63.3	11.04793416	0.451233368698421455	0.451233368698423620	0.000000000000002165
63.4	11.06538745	0.538071020160592828	0.538071020160594937	0.000000000000002109
63.5	11.08284074	0.619532443851951165	0.619532443851953163	0.000000000000001998
63.6	11.10029404	0.694803704154539181	0.694803704154540847	0.000000000000001665
63.7	11.11774733	0.763132715516783744	0.763132715516785409	0.000000000000001665
63.8	11.13520062	0.823836757043717727	0.823836757043719170	0.000000000000001443
63.9	11.15265391	0.876309294018500662	0.876309294018501883	0.000000000000001221
64.0	11.17010721	0.920026038196790741	0.920026038196791740	0.000000000000000999
64.1	11.18756050	0.954550186321590499	0.954550186321591276	0.000000000000000777
64.2	11.20501379	0.979536784517009429	0.979536784517009984	0.000000000000000555
64.3	11.22246708	0.994736174953343211	0.994736174953343433	0.000000000000000222
64.4	11.23992038	0.999996490345606559	0.999996490345606670	0.000000000000000111
64.5	11.25737367	0.995265171361227718	0.995265171361227496	0.000000000000000222
64.6	11.27482696	0.980589491775534006	0.980589491775533451	0.000000000000000555
64.7	11.29228025	0.956116086127806519	0.956116086127805853	0.000000000000000666
64.8	11.30973355	0.922089484597452214	0.922089484597451214	0.000000000000000999
64.9	11.32718684	0.878849669739253492	0.878849669739252271	0.000000000000001221
65.0	11.34464013	0.826828679490103413	0.826828679490102081	0.000000000000001332
65.1	11.36209342	0.766546290388712803	0.766546290388711249	0.000000000000001554
65.2	11.37954672	0.698604824140263925	0.698604824140262037	0.000000000000001887
65.3	11.39700001	0.623683129417067716	0.623683129417065718	0.000000000000001998
65.4	11.41445330	0.542529799026957527	0.542529799026955306	0.000000000000002220
65.5	11.43190659	0.455955690221489962	0.455955690221487686	0.000000000000002276
65.6	11.44935989	0.364825822878242445	0.364825822878240003	0.000000000000002442
65.7	11.46681318	0.270050736508165690	0.270050736508163192	0.000000000000002498
65.8	11.48426647	0.172577392445818129	0.172577392445815603	0.000000000000002526
65.9	11.50171976	0.073379712124639368	0.073379712124636814	0.000000000000002554
66.0	11.51917306	-0.026551154023966794	-0.026551154023969365	0.000000000000002571
66.1	11.53662635	-0.126216729818210138	-0.126216729818212692	0.000000000000002554
66.2	11.55407964	-0.224621189769827784	-0.224621189769830282	0.000000000000002498
66.3	11.57153293	-0.320781309043145058	-0.320781309043147500	0.000000000000002442
66.4	11.58898623	-0.413736287512719403	-0.413736287512721679	0.000000000000002276
66.5	11.60643952	-0.502557349760487271	-0.502557349760489491	0.000000000000002220
66.6	11.62389281	-0.586357025092822171	-0.586357025092824280	0.000000000000002109
66.7	11.64134610	-0.664298014854303842	-0.664298014854305618	0.000000000000001776
66.8	11.65879940	-0.735601558439079373	-0.735601558439081038	0.000000000000001665
66.9	11.67625269	-0.799555214409487625	-0.799555214409489179	0.000000000000001554
67.0	11.69370598	-0.855519978975322282	-0.855519978975323725	0.000000000000001443
67.1	11.71115927	-0.902936670708542666	-0.902936670708543776	0.000000000000001110
67.2	11.72861257	-0.941331517699229847	-0.941331517699230735	0.000000000000000888
67.3	11.74606586	-0.970320891327890900	-0.970320891327891566	0.000000000000000666
67.4	11.76351915	-0.989615139355849438	-0.989615139355849771	0.000000000000000333
67.5	11.78097244	-0.999021480034634979	-0.999021480034635090	0.000000000000000111
67.6	11.79842574	-0.998445928317511333	-0.998445928317511222	0.000000000000000111
67.7	11.81587903	-0.987894234926981918	-0.987894234926981474	0.000000000000000444
67.8	11.83333232	-0.967471828895481556	-0.967471828895480890	0.000000000000000666
67.9	11.85078561	-0.937382764153321446	-0.937382764153320447	0.000000000000000999
68.0	11.86823891	-0.897927680689291297	-0.897927680689290075	0.000000000000001221
68.1	11.88569220	-0.849500800655243360	-0.849500800655242139	0.000000000000001221
68.2	11.90314549	-0.792585989428671089	-0.792585989428669535	0.000000000000001554
68.3	11.92059878	-0.727751920989831103	-0.727751920989829326	0.000000000000001776
68.4	11.93805208	-0.655646395919252334	-0.655646395919250335	0.000000000000001998
68.5	11.95550537	-0.576989868788542637	-0.576989868788540416	0.000000000000002220
68.6	11.97295866	-0.492568249616391285	-0.492568249616388953	0.000000000000002331
68.7	11.99041195	-0.403225051315476257	-0.403225051315473815	0.000000000000002442
68.8	12.00786525	-0.309852961590310616	-0.309852961590308118	0.000000000000002498
68.9	12.02531854	-0.213384923496692636	-0.213384923496689999	0.000000000000002637
69.0	12.04277183	-0.114784813783187223	-0.114784813783184544	0.000000000000002678
69.1	12.06022512	-0.015037812153175139	-0.015037812153172445	0.000000000000002694
69.2	12.07767842	0.084859442325045803	0.084859442325048481	0.000000000000002678
69.3	12.09513171	0.183908809306342957	0.183908809306345650	0.000000000000002692
69.4	12.11258500	0.281120620257234832	0.281120620257237441	0.000000000000002609
69.5	12.13003829	0.375523566896625027	0.375523566896627581	0.000000000000002554
69.6	12.14749159	0.466174406187172041	0.466174406187174373	0.000000000000002331
69.7	12.16494488	0.552167384907880310	0.552167384907882419	0.000000000000002109
69.8	12.18239817	0.632643289640847595	0.632643289640849593	0.000000000000001998
69.9	12.19985146	0.706798031747802202	0.706798031747803979	0.000000000000001776
70.0	12.21730476	0.773890681557889093	0.773890681557890758	0.000000000000001665
70.1	12.23475805	0.833250871492098533	0.833250871492099976	0.000000000000001443
70.2	12.25221134	0.884285494154484430	0.884285494154485763	0.000000000000001332
70.3	12.26966463	0.926484628465193305	0.926484628465194304	0.000000000000000999
70.4	12.28711793	0.959426634623383623	0.959426634623384400	0.000000000000000777
70.5	12.30457122	0.982782366992692835	0.982782366992693390	0.000000000000000555
70.6	12.32202451	0.996318462815671047	0.996318462815671269	0.000000000000000222
70.7	12.33947780	0.999899673897293062	0.999899673897292951	0.000000000000000111
70.8	12.35693110	0.993490217960221300	0.993490217960221078	0.000000000000000222
70.9	12.37438439	0.977154136169492871	0.977154136169492316	0.000000000000000555
71.0	12.39183768	0.951054653254374660	0.951054653254373772	0.000000000000000888
71.1	12.40929097	0.915452546620810659	0.915452546620809549	0.000000000000001110
71.2	12.42674427	0.870703540749784843	0.870703540749783511	0.000000000000001332
71.3	12.44419756	0.817254752915918314	0.817254752915916760	0.000000000000001554
71.4	12.46165085	0.755640225739411808	0.755640225739409921	0.000000000000001887
71.5	12.47910414	0.686475591208775549	0.686475591208773550	0.000000000000001998
71.6	12.49655744	0.610451919489442885	0.610451919489440664	0.000000000000002220
71.7	12.51401073	0.528328813979136447	0.528328813979134004	0.000000000000002442
71.8	12.53146402	0.440926821601848984	0.440926821601846597	0.000000000000002387
71.9	12.54891731	0.349119234174132265	0.349119234174129545	0.000000000000002720
72.0	12.56637061	0.253823362762036264	0.253823362762033544	0.000000000000002720
72.1	12.58382390	0.155991372212070906	0.155991372212068130	0.000000000000002776
72.2	12.60127719	0.056600767434840576	0.056600767434837752	0.000000000000002824
72.3	12.61873048	-0.043355373500858371	-0.043355373500861182	0.000000000000002810
72.4	12.63618378	-0.142878321875931941	-0.142878321875934744	0.000000000000002803
72.5	12.65363707	-0.240973677288101096	-0.240973677288103816	0.000000000000002720
72.6	12.67109036	-0.336661303372115084	-0.336661303372117748	0.000000000000002665
72.7	12.68854365	-0.428985120998279290	-0.428985120998281844	0.000000000000002554
72.8	12.70599695	-0.517022661099043490	-0.517022661099045933	0.000000000000002442
72.9	12.72345024	-0.599894281675087515	-0.599894281675089847	0.000000000000002331
73.0	12.74090353	-0.676771956887307624	-0.676771956887309734	0.000000000000002109
73.1	12.75835682	-0.746887550417376422	-0.746887550417378310	0.000000000000001887
73.2	12.77581012	-0.809540490431883475	-0.809540490431885251	0.000000000000001776
73.3	12.79326341	-0.864104769464494771	-0.864104769464496325	0.000000000000001554
73.4	12.81071670	-0.910035199275684437	-0.910035199275685658	0.000000000000001221
73.5	12.82816999	-0.946872858193347544	-0.946872858193348432	0.000000000000000888
73.6	12.84562329	-0.974249676506497075	-0.974249676506497742	0.000000000000000666
73.7	12.86307658	-0.991892114096122879	-0.991892114096123212	0.000000000000000333
73.8	12.88052987	-0.999623893557638921	-0.999623893557639032	0.000000000000000111
73.9	12.89798316	-0.997367761506454453	-0.997367761506454231	0.000000000000000222
74.0	12.91543646	-0.985146260468247381	-0.985146260468246826	0.000000000000000555
74.1	12.93288975	-0.963081503641500691	-0.963081503641499914	0.000000000000000777
74.2	12.95034304	-0.931393954782783307	-0.931393954782782196	0.000000000000001110
74.3	12.96779633	-0.890400225405789225	-0.890400225405787893	0.000000000000001332
74.4	12.98524963	-0.840509911303716661	-0.840509911303715218	0.000000000000001443
74.5	13.00270292	-0.782221500003542403	-0.782221500003540626	0.000000000000001776
74.6	13.02015621	-0.716117390043384039	-0.716117390043382041	0.000000000000001998
74.7	13.03760950	-0.642858071838838918	-0.642858071838836587	0.000000000000002331
74.8	13.05506280	-0.563175528281116833	-0.563175528281114390	0.000000000000002442
74.9	13.07251609	-0.477865921005876826	-0.477865921005874272	0.000000000000002554
75.0	13.08996938	-0.387781635409430447	-0.387781635409427783	0.000000000000002665
75.1	13.10742268	-0.293822763895539685	-0.293822763895536909	0.000000000000002776
75.2	13.12487597	-0.196928112449683834	-0.196928112449681003	0.000000000000002831
75.3	13.14232926	-0.098065820400023818	-0.098065820400020889	0.000000000000002928
75.4	13.15978255	0.001776312910836964	0.001776312910839903	0.000000000000002939
75.5	13.17723585	0.101600697890249503	0.101600697890252417	0.000000000000002914
75.6	13.19468914	0.200409922281068298	0.200409922281071212	0.000000000000002914
75.7	13.21214243	0.297216716975181094	0.297216716975183926	0.000000000000002831
75.8	13.22959572	0.391053820480048664	0.391053820480051384	0.000000000000002720
75.9	13.24704902	0.480983643475899336	0.480983643475901834	0.000000000000002498
76.0	13.26450231	0.566107636898180333	0.566107636898182776	0.000000000000002442
76.1	13.28195560	0.645575269942880503	0.645575269942882723	0.000000000000002220
76.2	13.29940889	0.718592528289134336	0.718592528289136223	0.000000000000001887
76.3	13.31686219	0.784429847627821863	0.784429847627823529	0.000000000000001665
76.4	13.33431548	0.842429403227053841	0.842429403227055396	0.000000000000001554
76.5	13.35176877	0.892011682699370478	0.892011682699371811	0.000000000000001332
76.6	13.36922206	0.932681276298015782	0.932681276298016781	0.000000000000000999
76.7	13.38667536	0.964031826887336130	0.964031826887336907	0.000000000000000777
76.8	13.40412865	0.985750090128948542	0.985750090128948986	0.000000000000000444
76.9	13.42158194	0.997619064315652060	0.997619064315652282	0.000000000000000222
77.0	13.43903523	0.999520158580731288	0.999520158580731177	0.000000000000000111
77.1	13.45648853	0.991434377818709911	0.991434377818709467	0.000000000000000444
77.2	13.47394182	0.973442512478155164	0.973442512478154498	0.000000000000000666
77.3	13.49139511	0.945724331330235035	0.945724331330234147	0.000000000000000888
77.4	13.50884840	0.908556785278559098	0.908556785278557877	0.000000000000001221
77.5	13.52630170	0.862311240157328962	0.862311240157327519	0.000000000000001443
77.6	13.54375499	0.807449766166646543	0.807449766166644767	0.000000000000001776
77.7	13.56120828	0.744520521019824910	0.744520521019823023	0.000000000000001887
77.8	13.57866157	0.674152272932746155	0.674152272932743934	0.000000000000002220
77.9	13.59611487	0.597048118179626219	0.597048118179623777	0.000000000000002442
78.0	13.61356816	0.513978455987535221	0.513978455987532667	0.000000000000002554
78.1	13.63102145	0.425773290961906248	0.425773290961903528	0.000000000000002720
78.2	13.64847474	0.333313939954910932	0.333313939954908045	0.000000000000002887
78.3	13.66592804	0.237524226238839314	0.237524226238836345	0.000000000000002970
78.4	13.68338133	0.139361248969245760	0.139361248969242735	0.000000000000003025
78.5	13.70083462	0.039805820166669656	0.039805820166666596	0.000000000000003060
78.6	13.71828791	-0.060147335232957018	-0.060147335232960064	0.000000000000003046
78.7	13.73574121	-0.159499518341015722	-0.159499518341018720	0.000000000000002998
78.8	13.75319450	-0.257258034985328010	-0.257258034985330952	0.000000000000002942
78.9	13.77064779	-0.352446114382280740	-0.352446114382283682	0.000000000000002942
79.0	13.78810108	-0.444112668707508373	-0.444112668707511149	0.000000000000002776
79.1	13.80555438	-0.531341796051141291	-0.531341796051143955	0.000000000000002665
79.2	13.82300767	-0.613261931806889149	-0.613261931806891591	0.000000000000002442
79.3	13.84046096	-0.689054557057453887	-0.689054557057456107	0.000000000000002220
79.4	13.85791425	-0.757962376945064298	-0.757962376945066296	0.000000000000001998
79.5	13.87536755	-0.819296887311280808	-0.819296887311282584	0.000000000000001776
79.6	13.89282084	-0.872445254003027970	-0.872445254003029524	0.000000000000001554
79.7	13.91027413	-0.916876436108841841	-0.916876436108843063	0.000000000000001221
79.8	13.92772742	-0.952146491944104723	-0.952146491944105722	0.000000000000000999
79.9	13.94518072	-0.977903014769651135	-0.977903014769651802	0.000000000000000666
80.0	13.96263401	-0.993888653923375220	-0.993888653923375553	0.000000000000000333
80.1	13.98008730	-0.999943686183007108	-0.999943686183007219	0.000000000000000111
80.2	13.99754059	-0.996007611667734993	-0.996007611667734771	0.000000000000000222
80.3	14.01499389	-0.982119758333023229	-0.982119758333022674	0.000000000000000555
80.4	14.03244718	-0.958418889018674447	-0.958418889018673559	0.000000000000000888
80.5	14.04990047	-0.925141814976418453	-0.925141814976417343	0.000000000000001110
80.6	14.06735376	-0.882621029730144668	-0.882621029730143225	0.000000000000001443
80.7	14.08480706	-0.831281386910522890	-0.831281386910521225	0.000000000000001665
80.8	14.10226035	-0.771635855257991832	-0.771635855257989722	0.000000000000002109
80.9	14.11971364	-0.704280393208615241	-0.704280393208612909	0.000000000000002331
81.0	14.13716693	-0.629887994274453855	-0.629887994274451413	0.000000000000002442
81.1	14.15462023	-0.549201962714791270	-0.549201962714788716	0.000000000000002554
81.2	14.17207352	-0.463028486685702678	-0.463028486685699792	0.000000000000002887
81.3	14.18952681	-0.372228583074531327	-0.372228583074528385	0.000000000000002942
81.4	14.20698010	-0.277709494503676713	-0.277709494503673604	0.000000000000003109
81.5	14.22443340	-0.180415624462308799	-0.180415624462305663	0.000000000000003136
81.6	14.24188669	-0.081319101138790192	-0.081319101138787014	0.000000000000003178
81.7	14.25933998	0.018589935762800332	0.018589935762803517	0.000000000000003185
81.8	14.27679327	0.118313228171250590	0.118313228171253754	0.000000000000003164
81.9	14.29424657	0.216854373912981263	0.216854373912984372	0.000000000000003109
82.0	14.31169986	0.313228782433085162	0.313228782433088215	0.000000000000003053
82.1	14.32915315	0.406473512498787548	0.406473512498790435	0.000000000000002887
82.2	14.34660644	0.495656893589894232	0.495656893589896952	0.000000000000002720
82.3	14.36405974	0.579887834842623962	0.579887834842626515	0.000000000000002554
82.4	14.38151303	0.658324728535050530	0.658324728535052861	0.000000000000002331
82.5	14.39896632	0.730183859153166970	0.730183859153169079	0.000000000000002109
82.6	14.41641961	0.794747234017319060	0.794747234017320947	0.000000000000001887
82.7	14.43387291	0.851369757227686152	0.851369757227687929	0.000000000000001776
82.8	14.45132620	0.899485675249251937	0.899485675249253380	0.000000000000001443
82.9	14.46877949	0.938614229734166305	0.938614229734167416	0.000000000000001110
83.0	14.48623278	0.968364461100185370	0.968364461100186258	0.000000000000000888
83.1	14.50368608	0.988439114869625324	0.988439114869625768	0.000000000000000444
83.2	14.52113937	0.998637611737820730	0.998637611737820952	0.000000000000000222
83.3	14.53859266	0.998858051695236671	0.998858051695236560	0.000000000000000111
83.4	14.55604595	0.989098232178686532	0.989098232178685977	0.000000000000000555
83.5	14.57349925	0.969455670078614884	0.969455670078614107	0.000000000000000777
83.6	14.59095254	0.940126627382557256	0.940126627382556146	0.000000000000001110
83.7	14.60840583	0.901404150190233899	0.901404150190232567	0.000000000000001332
83.8	14.62585912	0.853675140693812451	0.853675140693810675	0.000000000000001776
83.9	14.64331242	0.797416491379054460	0.797416491379052461	0.000000000000001998
84.0	14.66076571	0.733190320073292212	0.733190320073289992	0.000000000000002220
84.1	14.67821900	0.661638353449855554	0.661638353449853112	0.000000000000002442
84.2	14.69567229	0.583475515107298892	0.583475515107296117	0.000000000000002776
84.3	14.71312559	0.499482782289163818	0.499482782289160931	0.000000000000002887
84.4	14.73057888	0.410499382617439401	0.410499382617436459	0.000000000000002942
84.5	14.74803217	0.317414408807669357	0.317414408807666137	0.000000000000003220
84.6	14.76548546	0.221157935148347085	0.221157935148343865	0.000000000000003220
84.7	14.78293876	0.122691724506102509	0.122691724506099234	0.000000000000003275
84.8	14.80039205	0.022999618709098966	0.022999618709095664	0.000000000000003303
84.9	14.81784534	-0.076922291675396895	-0.076922291675400170	0.000000000000003275
85.0	14.83529863	-0.176075619948587087	-0.176075619948590306	0.000000000000003220
85.1	14.85275193	-0.273469658830112872	-0.273469658830116091	0.000000000000003220
85.2	14.87020522	-0.368131279277672363	-0.368131279277675472	0.000000000000003109
85.3	14.88765851	-0.459114653670698203	-0.459114653670701200	0.000000000000002998
85.4	14.90511180	-0.545510706207385954	-0.545510706207388729	0.000000000000002776
85.5	14.92256510	-0.626456196089502648	-0.626456196089505313	0.000000000000002665
85.6	14.94001839	-0.701142342739180413	-0.701142342739182745	0.000000000000002331
85.7	14.95747168	-0.768822906867062450	-0.768822906867064781	0.000000000000002331
85.8	14.97492497	-0.828821646648584043	-0.828821646648585930	0.000000000000001887
85.9	14.99237827	-0.880539074508811526	-0.880539074508813191	0.000000000000001665
86.0	15.00983156	-0.923458447004059768	-0.923458447004061100	0.000000000000001332
86.1	15.02728485	-0.957150927951622488	-0.957150927951623487	0.000000000000000999
86.2	15.04473814	-0.981279873219127907	-0.981279873219128573	0.000000000000000666
86.3	15.06219144	-0.995604194361425110	-0.995604194361425332	0.000000000000000222
86.4	15.07964473	-0.999980767496655321	-0.999980767496655321	0.000000000000000000
86.5	15.09709802	-0.994365863352752899	-0.994365863352752566	0.000000000000000333
86.6	15.11455131	-0.978815584195884436	-0.978815584195883770	0.000000000000000666
86.7	15.13200461	-0.953485303275142249	-0.953485303275141249	0.000000000000000999
86.8	15.14945790	-0.918628112384415885	-0.918628112384414552	0.000000000000001332
86.9	15.16691119	-0.874592293052820269	-0.874592293052818603	0.000000000000001665
87.0	15.18436448	-0.821817836630822529	-0.821817836630820642	0.000000000000001887
87.1	15.20181778	-0.760832048042069720	-0.760832048042067610	0.000000000000002109
87.2	15.21927107	-0.692244277126908836	-0.692244277126906393	0.000000000000002442
87.3	15.23672436	-0.616739830220240814	-0.616739830220238150	0.000000000000002665
87.4	15.25417765	-0.535073122797083967	-0.535073122797081080	0.000000000000002887
87.5	15.27163095	-0.448060141602609152	-0.448060141602606044	0.000000000000003109
87.6	15.28908424	-0.356570291582232912	-0.356570291582229748	0.000000000000003164
87.7	15.30653753	-0.261517709074821303	-0.261517709074817972	0.000000000000003331
87.8	15.32399082	-0.163852128064608998	-0.163852128064605584	0.000000000000003414
87.9	15.34144412	-0.064549390753073588	-0.064549390753070174	0.000000000000003414
88.0	15.35889741	0.035398302733660680	0.035398302733664108	0.000000000000003428
88.1	15.37635070	0.134992308080603446	0.134992308080606832	0.000000000000003386
88.2	15.39380399	0.233237514907743138	0.233237514907746468	0.000000000000003331
88.3	15.41125729	0.329152289583982849	0.329152289583986069	0.000000000000003220
88.4	15.42871058	0.421778283385993824	0.421778283385996933	0.000000000000003109
88.5	15.44616387	0.510190008001763062	0.510190008001765949	0.000000000000002887
88.6	15.46361716	0.593504082703973701	0.593504082703976477	0.000000000000002776
88.7	15.48107046	0.670888060798183750	0.670888060798186414	0.000000000000002665
88.8	15.49852375	0.741568747154995989	0.741568747154998320	0.000000000000002331
88.9	15.51597704	0.804839923720281791	0.804839923720283790	0.000000000000001998
89.0	15.53343033	0.860069405812453169	0.860069405812454946	0.000000000000001776
89.1	15.55088363	0.906705358702894482	0.906705358702895925	0.000000000000001443
89.2	15.56833692	0.944281811366125323	0.944281811366126433	0.000000000000001110
89.3	15.58579021	0.972423312308247967	0.972423312308248855	0.000000000000000888
89.4	15.60324350	0.990848680954200312	0.990848680954200756	0.000000000000000444
89.5	15.62069680	0.999373817111083640	0.999373817111083751	0.000000000000000111
89.6	15.63815009	0.997913540436457080	0.997913540436456858	0.000000000000000222
89.7	15.65560338	0.986482441532148036	0.986482441532147480	0.000000000000000555
89.8	15.67305667	0.965194736159792566	0.965194736159791677	0.000000000000000888
89.9	15.69050997	0.934263124034685477	0.934263124034684256	0.000000000000001221
90.0	15.70796326	0.893996663600557850	0.893996663600556296	0.000000000000001554
